,Volatility_Price,Volatility_CBOE SKEW Index,Volatility_CBOE Volatility Index (VIX),Volatility_Crude Oil Volatility Index (OVX),Volatility_SKEW/VIX Ratio,Currency_Price,Currency_Gold Futures,Currency_Bitcoin USD,Currency_US Dollar Index,Currency_Gold/BTC Ratio,Currency_BTC/Gold Ratio
0,Ticker,^SKEW,^VIX,^OVX,,Ticker,GC=F,BTC-USD,DX-Y.NYB,,
1,Date,^SKEW,^VIX,^OVX,,Date,GC=F,BTC-USD,DX-Y.NYB,,
2,2012-01-03,117.0999984741211,22.969999313354492,40.06999969482422,,2012-01-03,1599.699951171875,BTC-USD,79.61000061035156,,
3,2012-01-04,117.62999725341797,22.219999313354492,39.040000915527344,,2012-01-04,1611.9000244140625,BTC-USD,80.08999633789062,,
4,2012-01-05,117.76000213623047,21.479999542236328,38.70000076293945,,2012-01-05,1619.4000244140625,BTC-USD,80.94000244140625,,
5,2012-01-06,118.29000091552734,20.6299991607666,37.119998931884766,,2012-01-06,1616.0999755859375,BTC-USD,81.23999786376953,,
6,2012-01-09,119.06999969482422,21.06999969482422,36.52000045776367,,2012-01-09,1607.5,BTC-USD,81.05000305175781,,
7,2012-01-10,118.98999786376953,20.690000534057617,35.439998626708984,,2012-01-10,1631.0,BTC-USD,80.80000305175781,,
8,2012-01-11,120.19999694824219,21.049999237060547,35.52000045776367,,2012-01-11,1639.199951171875,BTC-USD,81.3499984741211,,
9,2012-01-12,120.77999877929688,20.469999313354492,36.59000015258789,,2012-01-12,1647.300048828125,BTC-USD,80.7699966430664,,
10,2012-01-13,121.91999816894531,20.90999984741211,35.619998931884766,,2012-01-13,1630.4000244140625,BTC-USD,81.43000030517578,,
11,2012-01-17,125.62999725341797,22.200000762939453,33.970001220703125,,2012-01-17,1655.199951171875,BTC-USD,81.18000030517578,,
12,2012-01-18,130.77999877929688,20.889999389648438,32.59000015258789,,2012-01-18,1659.5,BTC-USD,80.5999984741211,,
13,2012-01-19,129.60000610351562,19.8700008392334,33.5099983215332,,2012-01-19,1654.0999755859375,BTC-USD,80.20999908447266,,
14,2012-01-20,129.24000549316406,18.280000686645508,33.349998474121094,,2012-01-20,1663.699951171875,BTC-USD,80.22000122070312,,
15,2012-01-23,125.83000183105469,18.670000076293945,33.15999984741211,,2012-01-23,1678.0,BTC-USD,79.69000244140625,,
16,2012-01-24,127.37999725341797,18.90999984741211,33.22999954223633,,2012-01-24,1664.199951171875,BTC-USD,79.86000061035156,,
17,2012-01-25,125.22000122070312,18.309999465942383,31.93000030517578,,2012-01-25,1699.800048828125,BTC-USD,79.56999969482422,,
18,2012-01-26,122.95999908447266,18.56999969482422,31.969999313354492,,2012-01-26,1726.300048828125,BTC-USD,79.41000366210938,,
19,2012-01-27,121.5,18.530000686645508,31.56999969482422,,2012-01-27,1731.800048828125,BTC-USD,78.9000015258789,,
20,2012-01-30,121.98999786376953,19.399999618530273,31.739999771118164,,2012-01-30,1731.0,BTC-USD,79.16000366210938,,
21,2012-01-31,121.95999908447266,19.440000534057617,32.310001373291016,,2012-01-31,1737.800048828125,BTC-USD,79.27999877929688,,
22,2012-02-01,121.38999938964844,18.549999237060547,32.18000030517578,,2012-02-01,1747.0999755859375,BTC-USD,78.91999816894531,,
23,2012-02-02,122.26000213623047,17.979999542236328,31.809999465942383,,2012-02-02,1756.800048828125,BTC-USD,78.97000122070312,,
24,2012-02-03,122.13999938964844,17.100000381469727,30.709999084472656,,2012-02-03,1737.9000244140625,BTC-USD,78.94000244140625,,
25,2012-02-06,123.62999725341797,17.760000228881836,31.200000762939453,,2012-02-06,1722.800048828125,BTC-USD,79.08999633789062,,
26,2012-02-07,123.0199966430664,17.649999618530273,32.40999984741211,,2012-02-07,1746.4000244140625,BTC-USD,78.56999969482422,,
27,2012-02-08,124.76000213623047,18.15999984741211,32.31999969482422,,2012-02-08,1729.300048828125,BTC-USD,78.63999938964844,,
28,2012-02-09,126.4800033569336,18.6299991607666,32.43000030517578,,2012-02-09,1739.0,BTC-USD,78.55999755859375,,
29,2012-02-10,129.58999633789062,20.790000915527344,32.83000183105469,,2012-02-10,1723.300048828125,BTC-USD,79.11000061035156,,
30,2012-02-13,127.88999938964844,19.040000915527344,33.29999923706055,,2012-02-13,1723.0,BTC-USD,78.94000244140625,,
31,2012-02-14,129.9600067138672,19.540000915527344,33.63999938964844,,2012-02-14,1715.9000244140625,BTC-USD,79.58000183105469,,
32,2012-02-15,128.8800048828125,21.139999389648438,34.849998474121094,,2012-02-15,1726.300048828125,BTC-USD,79.66999816894531,,
33,2012-02-16,130.2899932861328,19.219999313354492,33.9900016784668,,2012-02-16,1726.800048828125,BTC-USD,79.33999633789062,,
34,2012-02-17,129.5399932861328,17.780000686645508,33.04999923706055,,2012-02-17,1724.5,BTC-USD,79.33000183105469,,
35,2012-02-21,128.4600067138672,18.190000534057617,34.68000030517578,,2012-02-21,1757.0999755859375,BTC-USD,79.04000091552734,,
36,2012-02-22,127.69999694824219,18.190000534057617,33.66999816894531,,2012-02-22,1770.0,BTC-USD,79.20999908447266,,
37,2012-02-23,127.80999755859375,16.799999237060547,33.209999084472656,,2012-02-23,1784.9000244140625,BTC-USD,78.80999755859375,,
38,2012-02-24,128.72000122070312,17.309999465942383,33.79999923706055,,2012-02-24,1775.0999755859375,BTC-USD,78.3499984741211,,
39,2012-02-27,126.9800033569336,18.190000534057617,34.119998931884766,,2012-02-27,1773.5999755859375,BTC-USD,78.55999755859375,,
40,2012-02-28,125.6500015258789,17.959999084472656,33.52000045776367,,2012-02-28,1787.0,BTC-USD,78.2699966430664,,
41,2012-02-29,124.58999633789062,18.43000030517578,32.52000045776367,,2012-02-29,1709.9000244140625,BTC-USD,78.7300033569336,,
42,2012-03-01,127.62999725341797,17.260000228881836,33.20000076293945,,2012-03-01,1721.0999755859375,BTC-USD,78.77999877929688,,
43,2012-03-02,125.19999694824219,17.290000915527344,32.90999984741211,,2012-03-02,1708.800048828125,BTC-USD,79.4000015258789,,
44,2012-03-05,126.2300033569336,18.049999237060547,33.34000015258789,,2012-03-05,1703.0,BTC-USD,79.31999969482422,,
45,2012-03-06,126.48999786376953,20.8700008392334,34.34000015258789,,2012-03-06,1671.4000244140625,BTC-USD,79.86000061035156,,
46,2012-03-07,126.0199966430664,19.06999969482422,32.93000030517578,,2012-03-07,1683.300048828125,BTC-USD,79.70999908447266,,
47,2012-03-08,125.08000183105469,17.950000762939453,32.119998931884766,,2012-03-08,1698.0999755859375,BTC-USD,79.16000366210938,,
48,2012-03-09,124.77999877929688,17.110000610351562,31.420000076293945,,2012-03-09,1710.9000244140625,BTC-USD,80.04000091552734,,
49,2012-03-12,139.25,15.640000343322754,30.0,,2012-03-12,1699.199951171875,BTC-USD,79.87000274658203,,
50,2012-03-13,122.88999938964844,14.800000190734863,29.450000762939453,,2012-03-13,1693.699951171875,BTC-USD,80.19000244140625,,
51,2012-03-14,118.81999969482422,15.3100004196167,29.309999465942383,,2012-03-14,1642.5,BTC-USD,80.55999755859375,,
52,2012-03-15,136.50999450683594,15.420000076293945,29.440000534057617,,2012-03-15,1659.0999755859375,BTC-USD,80.1500015258789,,
53,2012-03-16,138.42999267578125,14.470000267028809,28.68000030517578,,2012-03-16,1655.5,BTC-USD,79.77999877929688,,
54,2012-03-19,128.85000610351562,15.039999961853027,26.850000381469727,,2012-03-19,1666.9000244140625,BTC-USD,79.44999694824219,,
55,2012-03-20,128.02000427246094,15.579999923706055,27.8700008392334,,2012-03-20,1646.699951171875,BTC-USD,79.58999633789062,,
56,2012-03-21,124.5999984741211,15.130000114440918,26.93000030517578,,2012-03-21,1650.0,BTC-USD,79.62999725341797,,
57,2012-03-22,121.16999816894531,15.569999694824219,27.510000228881836,,2012-03-22,1642.300048828125,BTC-USD,79.73999786376953,,
58,2012-03-23,122.9800033569336,14.819999694824219,28.170000076293945,,2012-03-23,1662.300048828125,BTC-USD,79.33999633789062,,
59,2012-03-26,118.0199966430664,14.260000228881836,27.889999389648438,,2012-03-26,1685.5,BTC-USD,78.93000030517578,,
60,2012-03-27,121.12999725341797,15.59000015258789,27.530000686645508,,2012-03-27,1684.800048828125,BTC-USD,79.04000091552734,,
61,2012-03-28,121.61000061035156,15.470000267028809,28.030000686645508,,2012-03-28,1657.9000244140625,BTC-USD,79.16000366210938,,
62,2012-03-29,121.69000244140625,15.479999542236328,28.940000534057617,,2012-03-29,1652.199951171875,BTC-USD,79.18000030517578,,
63,2012-03-30,124.97000122070312,15.5,29.0,,2012-03-30,1669.300048828125,BTC-USD,78.93000030517578,,
64,2012-04-02,123.12999725341797,15.640000343322754,28.459999084472656,,2012-04-02,1677.5,BTC-USD,78.81999969482422,,
65,2012-04-03,123.83999633789062,15.65999984741211,27.950000762939453,,2012-04-03,1670.0,BTC-USD,79.4800033569336,,
66,2012-04-04,121.0,16.440000534057617,28.729999542236328,,2012-04-04,1612.300048828125,BTC-USD,79.76000213623047,,
67,2012-04-05,120.61000061035156,16.700000762939453,28.030000686645508,,2012-04-05,1628.5,BTC-USD,80.06999969482422,,
68,2012-04-09,119.05000305175781,18.809999465942383,29.84000015258789,,2012-04-09,1642.5,BTC-USD,79.7300033569336,,
69,2012-04-10,119.2699966430664,20.389999389648438,31.6200008392334,,2012-04-10,1659.5,BTC-USD,79.88999938964844,,
70,2012-04-11,118.43000030517578,20.020000457763672,30.690000534057617,,2012-04-11,1659.0,BTC-USD,79.77999877929688,,
71,2012-04-12,119.87000274658203,17.200000762939453,29.40999984741211,,2012-04-12,1679.5,BTC-USD,79.27999877929688,,
72,2012-04-13,118.19000244140625,19.549999237060547,29.610000610351562,,2012-04-13,1659.0999755859375,BTC-USD,79.87999725341797,,
73,2012-04-16,116.66999816894531,19.549999237060547,29.780000686645508,,2012-04-16,1648.699951171875,BTC-USD,79.55000305175781,,
74,2012-04-17,121.83000183105469,18.459999084472656,28.739999771118164,,2012-04-17,1650.300048828125,BTC-USD,79.47000122070312,,
75,2012-04-18,119.5,18.639999389648438,28.360000610351562,,2012-04-18,1638.800048828125,BTC-USD,79.52999877929688,,
76,2012-04-19,117.5999984741211,18.360000610351562,28.309999465942383,,2012-04-19,1640.5999755859375,BTC-USD,79.55999755859375,,
77,2012-04-20,118.05000305175781,17.440000534057617,27.100000381469727,,2012-04-20,1642.0999755859375,BTC-USD,79.18000030517578,,
78,2012-04-23,117.19000244140625,18.969999313354492,26.90999984741211,,2012-04-23,1631.9000244140625,BTC-USD,79.41999816894531,,
79,2012-04-24,118.36000061035156,18.100000381469727,26.110000610351562,,2012-04-24,1643.0,BTC-USD,79.22000122070312,,
80,2012-04-25,122.52999877929688,16.81999969482422,25.68000030517578,,2012-04-25,1641.4000244140625,BTC-USD,79.01000213623047,,
81,2012-04-26,121.02999877929688,16.239999771118164,24.6200008392334,,2012-04-26,1659.5999755859375,BTC-USD,78.91000366210938,,
82,2012-04-27,120.08000183105469,16.31999969482422,24.34000015258789,,2012-04-27,1664.0,BTC-USD,78.69999694824219,,
83,2012-04-30,119.83000183105469,17.149999618530273,25.149999618530273,,2012-04-30,1663.4000244140625,BTC-USD,78.79000091552734,,
84,2012-05-01,120.18000030517578,16.600000381469727,25.1200008392334,,2012-05-01,1661.699951171875,BTC-USD,78.86000061035156,,
85,2012-05-02,119.94000244140625,16.8799991607666,25.030000686645508,,2012-05-02,1653.4000244140625,BTC-USD,79.12999725341797,,
86,2012-05-03,116.18000030517578,17.559999465942383,27.459999084472656,,2012-05-03,1634.199951171875,BTC-USD,79.22000122070312,,
87,2012-05-04,115.83000183105469,19.15999984741211,29.790000915527344,,2012-05-04,1644.699951171875,BTC-USD,79.47000122070312,,
88,2012-05-07,116.68000030517578,18.940000534057617,29.06999969482422,,2012-05-07,1638.5999755859375,BTC-USD,79.5999984741211,,
89,2012-05-08,117.2300033569336,19.049999237060547,29.059999465942383,,2012-05-08,1604.0,BTC-USD,79.7300033569336,,
90,2012-05-09,115.05000305175781,20.079999923706055,29.270000457763672,,2012-05-09,1593.699951171875,BTC-USD,80.08000183105469,,
91,2012-05-10,115.11000061035156,18.829999923706055,28.610000610351562,,2012-05-10,1595.0999755859375,BTC-USD,80.11000061035156,,
92,2012-05-11,114.69999694824219,19.889999389648438,28.790000915527344,,2012-05-11,1583.5999755859375,BTC-USD,80.27999877929688,,
93,2012-05-14,119.18000030517578,21.8700008392334,30.959999084472656,,2012-05-14,1560.5999755859375,BTC-USD,80.5999984741211,,
94,2012-05-15,120.04000091552734,21.969999313354492,32.130001068115234,,2012-05-15,1556.800048828125,BTC-USD,81.22000122070312,,
95,2012-05-16,118.47000122070312,22.270000457763672,31.479999542236328,,2012-05-16,1536.199951171875,BTC-USD,81.37000274658203,,
96,2012-05-17,119.54000091552734,24.489999771118164,32.619998931884766,,2012-05-17,1574.5,BTC-USD,81.37999725341797,,
97,2012-05-18,119.27999877929688,25.100000381469727,33.18000030517578,,2012-05-18,1591.5999755859375,BTC-USD,81.29000091552734,,
98,2012-05-21,119.55999755859375,22.010000228881836,30.010000228881836,,2012-05-21,1588.4000244140625,BTC-USD,81.08000183105469,,
99,2012-05-22,119.30999755859375,22.479999542236328,29.75,,2012-05-22,1576.300048828125,BTC-USD,81.66999816894531,,
100,2012-05-23,119.5199966430664,22.329999923706055,30.899999618530273,,2012-05-23,1548.0999755859375,BTC-USD,82.08999633789062,,
101,2012-05-24,120.63999938964844,21.540000915527344,30.1200008392334,,2012-05-24,1557.300048828125,BTC-USD,82.29000091552734,,
102,2012-05-25,120.37999725341797,21.760000228881836,30.190000534057617,,2012-05-25,1568.800048828125,BTC-USD,82.4000015258789,,
103,2012-05-29,122.38999938964844,21.030000686645508,30.719999313354492,,2012-05-29,1548.5999755859375,BTC-USD,82.44000244140625,,
104,2012-05-30,118.54000091552734,24.139999389648438,33.31999969482422,,2012-05-30,1563.4000244140625,BTC-USD,83.01000213623047,,
105,2012-05-31,119.31999969482422,24.059999465942383,34.790000915527344,,2012-05-31,1562.5999755859375,BTC-USD,83.04000091552734,,
106,2012-06-01,116.3499984741211,26.65999984741211,41.630001068115234,,2012-06-01,1620.5,BTC-USD,82.88999938964844,,
107,2012-06-04,116.66000366210938,26.1200008392334,38.58000183105469,,2012-06-04,1612.199951171875,BTC-USD,82.55000305175781,,
108,2012-06-05,117.06999969482422,24.68000030517578,36.66999816894531,,2012-06-05,1615.199951171875,BTC-USD,82.80000305175781,,
109,2012-06-06,119.66000366210938,22.15999984741211,35.58000183105469,,2012-06-06,1632.800048828125,BTC-USD,82.31999969482422,,
110,2012-06-07,120.01000213623047,21.719999313354492,36.900001525878906,,2012-06-07,1586.5999755859375,BTC-USD,82.05000305175781,,
111,2012-06-08,122.08999633789062,21.229999542236328,37.56999969482422,,2012-06-08,1590.0999755859375,BTC-USD,82.51000213623047,,
112,2012-06-11,119.27999877929688,23.559999465942383,42.310001373291016,,2012-06-11,1595.5,BTC-USD,82.51000213623047,,
113,2012-06-12,121.81999969482422,22.09000015258789,39.45000076293945,,2012-06-12,1612.699951171875,BTC-USD,82.41000366210938,,
114,2012-06-13,120.37000274658203,24.270000457763672,39.06999969482422,,2012-06-13,1618.0999755859375,BTC-USD,82.05000305175781,,
115,2012-06-14,115.05000305175781,21.68000030517578,36.189998626708984,,2012-06-14,1618.4000244140625,BTC-USD,81.9000015258789,,
116,2012-06-15,126.08000183105469,21.110000610351562,36.279998779296875,,2012-06-15,1627.0,BTC-USD,81.58999633789062,,
117,2012-06-18,121.19999694824219,18.31999969482422,35.040000915527344,,2012-06-18,1625.699951171875,BTC-USD,81.94000244140625,,
118,2012-06-19,123.08999633789062,18.3799991607666,32.91999816894531,,2012-06-19,1622.199951171875,BTC-USD,81.37000274658203,,
119,2012-06-20,122.05999755859375,17.239999771118164,34.65999984741211,,2012-06-20,1614.800048828125,BTC-USD,81.48999786376953,,
120,2012-06-21,118.4000015258789,20.079999923706055,37.52000045776367,,2012-06-21,1564.5,BTC-USD,82.31999969482422,,
121,2012-06-22,116.37000274658203,18.110000610351562,35.08000183105469,,2012-06-22,1566.0,BTC-USD,82.22000122070312,,
122,2012-06-25,116.29000091552734,20.3799991607666,36.84000015258789,,2012-06-25,1587.5,BTC-USD,82.45999908447266,,
123,2012-06-26,114.69000244140625,19.719999313354492,34.41999816894531,,2012-06-26,1574.0,BTC-USD,82.37000274658203,,
124,2012-06-27,115.8499984741211,19.450000762939453,33.45000076293945,,2012-06-27,1577.5,BTC-USD,82.55999755859375,,
125,2012-06-28,116.9000015258789,19.709999084472656,34.58000183105469,,2012-06-28,1549.699951171875,BTC-USD,82.66999816894531,,
126,2012-06-29,119.08999633789062,17.079999923706055,35.0,,2012-06-29,1603.5,BTC-USD,81.6500015258789,,
127,2012-07-02,118.88999938964844,16.799999237060547,36.380001068115234,,2012-07-02,1597.199951171875,BTC-USD,81.87000274658203,,
128,2012-07-03,118.33000183105469,16.65999984741211,36.380001068115234,,2012-07-03,1621.300048828125,BTC-USD,81.77999877929688,,
129,2012-07-05,117.91000366210938,17.5,38.220001220703125,,2012-07-05,1608.9000244140625,BTC-USD,82.80999755859375,,
130,2012-07-06,118.44999694824219,17.100000381469727,37.5099983215332,,2012-07-06,1578.4000244140625,BTC-USD,83.29000091552734,,
131,2012-07-09,119.62000274658203,17.979999542236328,37.279998779296875,,2012-07-09,1588.5999755859375,BTC-USD,83.16000366210938,,
132,2012-07-10,119.33999633789062,18.719999313354492,37.68000030517578,,2012-07-10,1579.300048828125,BTC-USD,83.36000061035156,,
133,2012-07-11,117.30000305175781,17.950000762939453,35.970001220703125,,2012-07-11,1575.199951171875,BTC-USD,83.56999969482422,,
134,2012-07-12,116.12999725341797,18.329999923706055,34.459999084472656,,2012-07-12,1564.9000244140625,BTC-USD,83.6500015258789,,
135,2012-07-13,119.12999725341797,16.739999771118164,33.86000061035156,,2012-07-13,1591.5999755859375,BTC-USD,83.30000305175781,,
136,2012-07-16,115.08999633789062,17.110000610351562,34.0099983215332,,2012-07-16,1591.199951171875,BTC-USD,83.08999633789062,,
137,2012-07-17,117.22000122070312,16.479999542236328,35.36000061035156,,2012-07-17,1589.0999755859375,BTC-USD,83.02999877929688,,
138,2012-07-18,116.58999633789062,16.15999984741211,34.93000030517578,,2012-07-18,1570.4000244140625,BTC-USD,82.94999694824219,,
139,2012-07-19,114.19000244140625,15.449999809265137,36.7400016784668,,2012-07-19,1580.0999755859375,BTC-USD,82.9000015258789,,
140,2012-07-20,116.5199966430664,16.270000457763672,35.33000183105469,,2012-07-20,1582.5,BTC-USD,83.47000122070312,,
141,2012-07-23,120.26000213623047,18.6200008392334,37.22999954223633,,2012-07-23,1577.0999755859375,BTC-USD,83.70999908447266,,
142,2012-07-24,119.12999725341797,20.469999313354492,36.27000045776367,,2012-07-24,1576.0,BTC-USD,84.01000213623047,,
143,2012-07-25,118.58000183105469,19.34000015258789,34.86000061035156,,2012-07-25,1608.0,BTC-USD,83.5199966430664,,
144,2012-07-26,116.91999816894531,17.530000686645508,34.099998474121094,,2012-07-26,1615.0,BTC-USD,82.80999755859375,,
145,2012-07-27,114.4000015258789,16.700000762939453,32.9900016784668,,2012-07-27,1617.9000244140625,BTC-USD,82.70999908447266,,
146,2012-07-30,114.86000061035156,18.030000686645508,33.09000015258789,,2012-07-30,1619.699951171875,BTC-USD,82.79000091552734,,
147,2012-07-31,113.98999786376953,18.93000030517578,34.529998779296875,,2012-07-31,1610.5,BTC-USD,82.63999938964844,,
148,2012-08-01,114.58999633789062,18.959999084472656,33.97999954223633,,2012-08-01,1603.699951171875,BTC-USD,83.05999755859375,,
149,2012-08-02,114.3499984741211,17.56999969482422,33.599998474121094,,2012-08-02,1587.4000244140625,BTC-USD,83.33000183105469,,
150,2012-08-03,120.25,15.640000343322754,33.22999954223633,,2012-08-03,1606.0,BTC-USD,82.37999725341797,,
151,2012-08-06,114.79000091552734,15.949999809265137,32.06999969482422,,2012-08-06,1612.9000244140625,BTC-USD,82.2699966430664,,
152,2012-08-07,113.55000305175781,15.989999771118164,32.150001525878906,,2012-08-07,1609.699951171875,BTC-USD,82.20999908447266,,
153,2012-08-08,115.36000061035156,15.319999694824219,31.420000076293945,,2012-08-08,1612.9000244140625,BTC-USD,82.38999938964844,,
154,2012-08-09,119.83999633789062,15.279999732971191,30.780000686645508,,2012-08-09,1617.0999755859375,BTC-USD,82.63999938964844,,
155,2012-08-10,117.88999938964844,14.739999771118164,30.59000015258789,,2012-08-10,1619.699951171875,BTC-USD,82.55000305175781,,
156,2012-08-13,121.6500015258789,13.699999809265137,29.450000762939453,,2012-08-13,1609.5999755859375,BTC-USD,82.44000244140625,,
157,2012-08-14,122.05000305175781,14.850000381469727,29.84000015258789,,2012-08-14,1599.4000244140625,BTC-USD,82.4800033569336,,
158,2012-08-15,119.88999938964844,14.630000114440918,31.18000030517578,,2012-08-15,1603.699951171875,BTC-USD,82.6500015258789,,
159,2012-08-16,121.94000244140625,14.289999961853027,31.729999542236328,,2012-08-16,1616.0999755859375,BTC-USD,82.36000061035156,,
160,2012-08-17,123.79000091552734,13.449999809265137,31.190000534057617,,2012-08-17,1616.300048828125,BTC-USD,82.5999984741211,,
161,2012-08-20,125.83999633789062,14.020000457763672,30.5,,2012-08-20,1620.0999755859375,BTC-USD,82.45999908447266,,
162,2012-08-21,129.99000549316406,15.020000457763672,30.639999389648438,,2012-08-21,1639.9000244140625,BTC-USD,81.91000366210938,,
163,2012-08-22,125.31999969482422,15.109999656677246,31.06999969482422,,2012-08-22,1637.4000244140625,BTC-USD,81.48999786376953,,
164,2012-08-23,122.41000366210938,15.960000038146973,31.760000228881836,,2012-08-23,1669.5999755859375,BTC-USD,81.36000061035156,,
165,2012-08-24,123.73999786376953,15.180000305175781,32.0099983215332,,2012-08-24,1669.800048828125,BTC-USD,81.58999633789062,,
166,2012-08-27,121.52999877929688,16.350000381469727,33.41999816894531,,2012-08-27,1672.4000244140625,BTC-USD,81.66000366210938,,
167,2012-08-28,120.27999877929688,16.489999771118164,33.060001373291016,,2012-08-28,1666.5,BTC-USD,81.37000274658203,,
168,2012-08-29,120.55000305175781,17.059999465942383,32.59000015258789,,2012-08-29,1659.800048828125,BTC-USD,81.55000305175781,,
169,2012-08-30,119.0,17.829999923706055,31.950000762939453,,2012-08-30,1653.5,BTC-USD,81.68000030517578,,
170,2012-08-31,120.77999877929688,17.469999313354492,31.399999618530273,,2012-08-31,1684.5999755859375,BTC-USD,81.25,,
171,2012-09-04,119.58999633789062,17.979999542236328,33.61000061035156,,2012-09-04,1692.9000244140625,BTC-USD,81.31999969482422,,
172,2012-09-05,120.48999786376953,17.739999771118164,33.63999938964844,,2012-09-05,1690.800048828125,BTC-USD,81.23999786376953,,
173,2012-09-06,119.30999755859375,15.600000381469727,34.06999969482422,,2012-09-06,1702.5999755859375,BTC-USD,81.08000183105469,,
174,2012-09-07,120.69999694824219,14.380000114440918,32.77000045776367,,2012-09-07,1737.5,BTC-USD,80.25,,
175,2012-09-10,122.37000274658203,16.280000686645508,32.709999084472656,,2012-09-10,1728.699951171875,BTC-USD,80.36000061035156,,
176,2012-09-11,122.81999969482422,16.40999984741211,32.380001068115234,,2012-09-11,1731.800048828125,BTC-USD,79.86000061035156,,
177,2012-09-12,123.37999725341797,15.800000190734863,33.33000183105469,,2012-09-12,1730.5999755859375,BTC-USD,79.73999786376953,,
178,2012-09-13,115.69000244140625,14.050000190734863,32.959999084472656,,2012-09-13,1769.0999755859375,BTC-USD,79.26000213623047,,
179,2012-09-14,117.26000213623047,14.510000228881836,34.06999969482422,,2012-09-14,1769.800048828125,BTC-USD,78.8499984741211,,
180,2012-09-17,122.69000244140625,14.59000015258789,35.63999938964844,,2012-09-17,1767.699951171875,BTC-USD,79.01000213623047,,
181,2012-09-18,127.37999725341797,14.180000305175781,35.810001373291016,,2012-09-18,1768.4000244140625,BTC-USD,79.25,,
182,2012-09-19,122.44000244140625,13.880000114440918,36.58000183105469,,2012-09-19,1769.0,BTC-USD,79.05999755859375,,
183,2012-09-20,128.02999877929688,14.069999694824219,33.58000183105469,,2012-09-20,1767.699951171875,BTC-USD,79.41000366210938,,
184,2012-09-21,130.60000610351562,13.979999542236328,33.209999084472656,,2012-09-21,1775.5,BTC-USD,79.33000183105469,,
185,2012-09-24,129.1199951171875,14.149999618530273,34.22999954223633,,2012-09-24,1762.0999755859375,BTC-USD,79.5199966430664,,
186,2012-09-25,125.44999694824219,15.430000305175781,34.349998474121094,,2012-09-25,1763.800048828125,BTC-USD,79.55000305175781,,
187,2012-09-26,124.05999755859375,16.809999465942383,35.130001068115234,,2012-09-26,1750.5999755859375,BTC-USD,79.88999938964844,,
188,2012-09-27,127.55999755859375,14.84000015258789,33.04999923706055,,2012-09-27,1777.5999755859375,BTC-USD,79.55000305175781,,
189,2012-09-28,125.87000274658203,15.729999542236328,32.45000076293945,,2012-09-28,1771.0999755859375,BTC-USD,79.94000244140625,,
190,2012-10-01,128.1699981689453,16.31999969482422,32.869998931884766,,2012-10-01,1780.5,BTC-USD,79.81999969482422,,
191,2012-10-02,127.0999984741211,15.710000038146973,32.529998779296875,,2012-10-02,1772.699951171875,BTC-USD,79.73999786376953,,
192,2012-10-03,125.4000015258789,15.430000305175781,35.150001525878906,,2012-10-03,1777.300048828125,BTC-USD,79.97000122070312,,
193,2012-10-04,120.38999938964844,14.550000190734863,33.38999938964844,,2012-10-04,1794.0999755859375,BTC-USD,79.3499984741211,,
194,2012-10-05,123.8499984741211,14.329999923706055,32.7599983215332,,2012-10-05,1778.5999755859375,BTC-USD,79.33999633789062,,
195,2012-10-08,122.05999755859375,15.109999656677246,34.04999923706055,,2012-10-08,1773.5,BTC-USD,79.54000091552734,,
196,2012-10-09,121.20999908447266,16.3700008392334,34.5,,2012-10-09,1763.0,BTC-USD,79.94999694824219,,
197,2012-10-10,120.45999908447266,16.290000915527344,35.09000015258789,,2012-10-10,1763.199951171875,BTC-USD,79.91999816894531,,
198,2012-10-11,120.83000183105469,15.59000015258789,34.52000045776367,,2012-10-11,1768.800048828125,BTC-USD,79.77999877929688,,
199,2012-10-12,120.97000122070312,16.139999389648438,33.689998626708984,,2012-10-12,1758.0,BTC-USD,79.69000244140625,,
200,2012-10-15,122.44999694824219,15.270000457763672,33.84000015258789,,2012-10-15,1736.0,BTC-USD,79.73999786376953,,
201,2012-10-16,122.5199966430664,15.220000267028809,33.540000915527344,,2012-10-16,1744.699951171875,BTC-USD,79.37000274658203,,
202,2012-10-17,124.94999694824219,15.069999694824219,32.25,,2012-10-17,1751.5,BTC-USD,79.0199966430664,,
203,2012-10-18,124.58000183105469,15.029999732971191,30.829999923706055,,2012-10-18,1743.300048828125,BTC-USD,79.37000274658203,,
204,2012-10-19,125.38999938964844,17.059999465942383,31.90999984741211,,2012-10-19,1722.800048828125,BTC-USD,79.63999938964844,,
205,2012-10-22,122.98999786376953,16.6200008392334,33.130001068115234,,2012-10-22,1725.0999755859375,BTC-USD,79.6500015258789,,
206,2012-10-23,120.16000366210938,18.829999923706055,34.279998779296875,,2012-10-23,1708.300048828125,BTC-USD,79.9800033569336,,
207,2012-10-24,119.33000183105469,18.329999923706055,33.61000061035156,,2012-10-24,1700.5,BTC-USD,79.97000122070312,,
208,2012-10-25,120.88999938964844,18.1200008392334,32.27000045776367,,2012-10-25,1712.0,BTC-USD,80.04000091552734,,
209,2012-10-26,119.30999755859375,17.809999465942383,32.209999084472656,,2012-10-26,1710.9000244140625,BTC-USD,80.06999969482422,,
210,2012-10-31,115.04000091552734,18.600000381469727,32.18000030517578,,2012-10-31,1717.5,BTC-USD,79.91999816894531,,
211,2012-11-01,117.8499984741211,16.690000534057617,31.290000915527344,,2012-11-01,1714.0999755859375,BTC-USD,80.05000305175781,,
212,2012-11-02,115.77999877929688,17.59000015258789,32.41999816894531,,2012-11-02,1674.0999755859375,BTC-USD,80.58999633789062,,
213,2012-11-05,115.5199966430664,18.420000076293945,32.099998474121094,,2012-11-05,1682.199951171875,BTC-USD,80.75,,
214,2012-11-06,116.33999633789062,17.579999923706055,32.02000045776367,,2012-11-06,1714.0999755859375,BTC-USD,80.61000061035156,,
215,2012-11-07,116.0999984741211,19.079999923706055,33.97999954223633,,2012-11-07,1713.199951171875,BTC-USD,80.76000213623047,,
216,2012-11-08,116.69000244140625,18.489999771118164,33.5099983215332,,2012-11-08,1725.4000244140625,BTC-USD,80.79000091552734,,
217,2012-11-09,115.4000015258789,18.610000610351562,31.540000915527344,,2012-11-09,1730.300048828125,BTC-USD,81.02999877929688,,
218,2012-11-12,114.2300033569336,16.68000030517578,30.0,,2012-11-12,1730.300048828125,BTC-USD,81.04000091552734,,
219,2012-11-13,114.80999755859375,16.649999618530273,31.270000457763672,,2012-11-13,1724.199951171875,BTC-USD,81.08000183105469,,
220,2012-11-14,113.2300033569336,17.920000076293945,31.5,,2012-11-14,1729.5,BTC-USD,81.05999755859375,,
221,2012-11-15,113.6500015258789,17.989999771118164,30.540000915527344,,2012-11-15,1713.300048828125,BTC-USD,81.08000183105469,,
222,2012-11-16,115.8499984741211,16.40999984741211,31.100000381469727,,2012-11-16,1714.300048828125,BTC-USD,81.26000213623047,,
223,2012-11-19,113.45999908447266,15.239999771118164,30.969999313354492,,2012-11-19,1734.0,BTC-USD,80.87000274658203,,
224,2012-11-20,117.25,15.079999923706055,29.829999923706055,,2012-11-20,1723.199951171875,BTC-USD,80.95999908447266,,
225,2012-11-21,116.62000274658203,15.3100004196167,29.489999771118164,,2012-11-21,1727.9000244140625,BTC-USD,80.93000030517578,,
226,2012-11-23,117.81999969482422,15.140000343322754,29.489999771118164,,2012-11-23,1751.300048828125,BTC-USD,80.19000244140625,,
227,2012-11-26,116.95999908447266,15.5,29.3799991607666,,2012-11-26,1749.5,BTC-USD,80.25,,
228,2012-11-27,116.6500015258789,15.920000076293945,28.649999618530273,,2012-11-27,1742.199951171875,BTC-USD,80.4000015258789,,
229,2012-11-28,116.12000274658203,15.510000228881836,28.690000534057617,,2012-11-28,1716.5,BTC-USD,80.33999633789062,,
230,2012-11-29,117.3499984741211,15.0600004196167,28.280000686645508,,2012-11-29,1727.199951171875,BTC-USD,80.19999694824219,,
231,2012-11-30,117.06999969482422,15.869999885559082,27.6200008392334,,2012-11-30,1710.9000244140625,BTC-USD,80.1500015258789,,
232,2012-12-03,115.9800033569336,16.639999389648438,28.389999389648438,,2012-12-03,1719.5999755859375,BTC-USD,79.87999725341797,,
233,2012-12-04,115.30999755859375,17.1200008392334,28.84000015258789,,2012-12-04,1694.4000244140625,BTC-USD,79.63999938964844,,
234,2012-12-05,114.55000305175781,16.459999084472656,29.1299991607666,,2012-12-05,1692.4000244140625,BTC-USD,79.7699966430664,,
235,2012-12-06,115.73999786376953,16.579999923706055,29.889999389648438,,2012-12-06,1700.300048828125,BTC-USD,80.26000213623047,,
236,2012-12-07,115.2300033569336,15.899999618530273,29.649999618530273,,2012-12-07,1704.0,BTC-USD,80.41999816894531,,
237,2012-12-10,114.7699966430664,16.049999237060547,30.31999969482422,,2012-12-10,1713.0,BTC-USD,80.33000183105469,,
238,2012-12-11,115.91999816894531,15.569999694824219,29.940000534057617,,2012-12-11,1708.199951171875,BTC-USD,80.05999755859375,,
239,2012-12-12,116.48999786376953,15.949999809265137,29.1299991607666,,2012-12-12,1716.5999755859375,BTC-USD,79.88999938964844,,
240,2012-12-13,116.23999786376953,16.559999465942383,29.6299991607666,,2012-12-13,1695.5999755859375,BTC-USD,79.93000030517578,,
241,2012-12-14,118.91999816894531,17.0,29.31999969482422,,2012-12-14,1695.800048828125,BTC-USD,79.5999984741211,,
242,2012-12-17,118.05999755859375,16.34000015258789,28.950000762939453,,2012-12-17,1697.0,BTC-USD,79.56999969482422,,
243,2012-12-18,117.86000061035156,15.569999694824219,28.559999465942383,,2012-12-18,1669.5,BTC-USD,79.36000061035156,,
244,2012-12-19,120.76000213623047,17.360000610351562,27.639999389648438,,2012-12-19,1666.5,BTC-USD,79.25,,
245,2012-12-20,124.47000122070312,17.670000076293945,27.610000610351562,,2012-12-20,1644.9000244140625,BTC-USD,79.26000213623047,,
246,2012-12-21,127.08000183105469,17.84000015258789,28.8799991607666,,2012-12-21,1659.0999755859375,BTC-USD,79.62000274658203,,
247,2012-12-24,124.47000122070312,17.84000015258789,28.8799991607666,,2012-12-24,1658.5999755859375,BTC-USD,79.63999938964844,,
248,2012-12-26,122.18000030517578,19.479999542236328,28.729999542236328,,2012-12-26,1659.800048828125,BTC-USD,79.62000274658203,,
249,2012-12-27,119.5999984741211,19.469999313354492,28.079999923706055,,2012-12-27,1662.5999755859375,BTC-USD,79.62000274658203,,
250,2012-12-28,118.37999725341797,22.719999313354492,28.8799991607666,,2012-12-28,1654.9000244140625,BTC-USD,79.68000030517578,,
251,2012-12-31,121.2699966430664,18.020000457763672,28.450000762939453,,2012-12-31,1674.800048828125,BTC-USD,79.7699966430664,,
252,2013-01-02,121.7699966430664,14.680000305175781,27.799999237060547,,2013-01-02,1687.9000244140625,BTC-USD,79.8499984741211,,
253,2013-01-03,117.93000030517578,14.5600004196167,26.829999923706055,,2013-01-03,1673.699951171875,BTC-USD,80.43000030517578,,
254,2013-01-04,115.52999877929688,13.829999923706055,26.030000686645508,,2013-01-04,1648.0999755859375,BTC-USD,80.5,,
255,2013-01-07,116.77999877929688,13.789999961853027,25.040000915527344,,2013-01-07,1645.5,BTC-USD,80.26000213623047,,
256,2013-01-08,118.1500015258789,13.619999885559082,24.299999237060547,,2013-01-08,1661.5,BTC-USD,80.3499984741211,,
257,2013-01-09,117.88999938964844,13.8100004196167,24.600000381469727,,2013-01-09,1654.800048828125,BTC-USD,80.55999755859375,,
258,2013-01-10,118.52999877929688,13.489999771118164,24.59000015258789,,2013-01-10,1677.300048828125,BTC-USD,79.73999786376953,,
259,2013-01-11,119.13999938964844,13.359999656677246,24.56999969482422,,2013-01-11,1660.0,BTC-USD,79.55999755859375,,
260,2013-01-14,117.19000244140625,13.520000457763672,25.719999313354492,,2013-01-14,1668.9000244140625,BTC-USD,79.48999786376953,,
261,2013-01-15,120.9000015258789,13.550000190734863,25.700000762939453,,2013-01-15,1683.4000244140625,BTC-USD,79.77999877929688,,
262,2013-01-16,120.12999725341797,13.420000076293945,24.389999389648438,,2013-01-16,1682.699951171875,BTC-USD,79.80000305175781,,
263,2013-01-17,120.52999877929688,13.569999694824219,23.989999771118164,,2013-01-17,1690.4000244140625,BTC-USD,79.6500015258789,,
264,2013-01-18,124.79000091552734,12.460000038146973,21.979999542236328,,2013-01-18,1686.5999755859375,BTC-USD,80.05000305175781,,
265,2013-01-22,126.7300033569336,12.430000305175781,21.670000076293945,,2013-01-22,1692.800048828125,BTC-USD,79.87000274658203,,
266,2013-01-23,126.58000183105469,12.460000038146973,22.75,,2013-01-23,1686.300048828125,BTC-USD,79.91999816894531,,
267,2013-01-24,125.47000122070312,12.6899995803833,22.479999542236328,,2013-01-24,1669.5,BTC-USD,79.94999694824219,,
268,2013-01-25,124.70999908447266,12.890000343322754,22.520000457763672,,2013-01-25,1656.4000244140625,BTC-USD,79.75,,
269,2013-01-28,122.94999694824219,13.569999694824219,22.979999542236328,,2013-01-28,1652.4000244140625,BTC-USD,79.77999877929688,,
270,2013-01-29,123.94999694824219,13.3100004196167,22.969999313354492,,2013-01-29,1660.699951171875,BTC-USD,79.55999755859375,,
271,2013-01-30,121.91999816894531,14.319999694824219,22.8799991607666,,2013-01-30,1679.9000244140625,BTC-USD,79.27999877929688,,
272,2013-01-31,121.63999938964844,14.279999732971191,22.540000915527344,,2013-01-31,1660.5999755859375,BTC-USD,79.20999908447266,,
273,2013-02-01,122.55000305175781,12.899999618530273,22.399999618530273,,2013-02-01,1669.4000244140625,BTC-USD,79.12999725341797,,
274,2013-02-04,122.5999984741211,14.670000076293945,23.959999084472656,,2013-02-04,1675.300048828125,BTC-USD,79.55000305175781,,
275,2013-02-05,123.22000122070312,13.720000267028809,23.059999465942383,,2013-02-05,1672.4000244140625,BTC-USD,79.48999786376953,,
276,2013-02-06,122.44999694824219,13.40999984741211,23.389999389648438,,2013-02-06,1677.699951171875,BTC-USD,79.72000122070312,,
277,2013-02-07,125.3499984741211,13.5,23.299999237060547,,2013-02-07,1670.4000244140625,BTC-USD,80.19000244140625,,
278,2013-02-08,125.66999816894531,13.020000457763672,23.079999923706055,,2013-02-08,1666.0,BTC-USD,80.25,,
279,2013-02-11,125.52999877929688,12.9399995803833,21.68000030517578,,2013-02-11,1648.199951171875,BTC-USD,80.30999755859375,,
280,2013-02-12,126.12000274658203,12.640000343322754,20.700000762939453,,2013-02-12,1648.699951171875,BTC-USD,80.11000061035156,,
281,2013-02-13,126.68000030517578,12.979999542236328,21.0,,2013-02-13,1644.199951171875,BTC-USD,80.08999633789062,,
282,2013-02-14,127.19000244140625,12.65999984741211,20.209999084472656,,2013-02-14,1634.699951171875,BTC-USD,80.45999908447266,,
283,2013-02-15,130.4600067138672,12.460000038146973,22.59000015258789,,2013-02-15,1608.800048828125,BTC-USD,80.58000183105469,,
284,2013-02-19,130.14999389648438,12.3100004196167,22.440000534057617,,2013-02-19,1603.5999755859375,BTC-USD,80.47000122070312,,
285,2013-02-20,124.47000122070312,14.680000305175781,24.969999313354492,,2013-02-20,1577.5999755859375,BTC-USD,81.08999633789062,,
286,2013-02-21,122.58000183105469,15.220000267028809,27.1299991607666,,2013-02-21,1578.199951171875,BTC-USD,81.45999908447266,,
287,2013-02-22,125.37000274658203,14.170000076293945,24.579999923706055,,2013-02-22,1572.4000244140625,BTC-USD,81.4800033569336,,
288,2013-02-25,121.5,18.989999771118164,26.219999313354492,,2013-02-25,1586.199951171875,BTC-USD,81.66999816894531,,
289,2013-02-26,122.91999816894531,16.8700008392334,25.899999618530273,,2013-02-26,1615.199951171875,BTC-USD,81.87000274658203,,
290,2013-02-27,124.95999908447266,14.729999542236328,24.329999923706055,,2013-02-27,1595.199951171875,BTC-USD,81.5999984741211,,
291,2013-02-28,126.86000061035156,15.510000228881836,23.610000610351562,,2013-02-28,1577.699951171875,BTC-USD,81.9800033569336,,
292,2013-03-01,128.19000244140625,15.359999656677246,23.68000030517578,,2013-03-01,1571.9000244140625,BTC-USD,82.30999755859375,,
293,2013-03-04,128.64999389648438,14.010000228881836,24.280000686645508,,2013-03-04,1572.0999755859375,BTC-USD,82.22000122070312,,
294,2013-03-05,128.64999389648438,13.479999542236328,22.40999984741211,,2013-03-05,1574.5999755859375,BTC-USD,82.08999633789062,,
295,2013-03-06,126.62000274658203,13.529999732971191,22.520000457763672,,2013-03-06,1574.5999755859375,BTC-USD,82.45999908447266,,
296,2013-03-07,125.27999877929688,13.0600004196167,21.290000915527344,,2013-03-07,1574.800048828125,BTC-USD,82.08000183105469,,
297,2013-03-08,124.45999908447266,12.59000015258789,20.799999237060547,,2013-03-08,1576.5999755859375,BTC-USD,82.69999694824219,,
298,2013-03-11,125.20999908447266,11.5600004196167,19.420000076293945,,2013-03-11,1577.800048828125,BTC-USD,82.56999969482422,,
299,2013-03-12,128.66000366210938,12.270000457763672,18.770000457763672,,2013-03-12,1591.5,BTC-USD,82.58000183105469,,
300,2013-03-13,127.12999725341797,11.829999923706055,19.09000015258789,,2013-03-13,1588.300048828125,BTC-USD,82.88999938964844,,
301,2013-03-14,128.9600067138672,11.300000190734863,18.360000610351562,,2013-03-14,1590.5999755859375,BTC-USD,82.61000061035156,,
302,2013-03-15,129.1199951171875,11.300000190734863,18.760000228881836,,2013-03-15,1592.5,BTC-USD,82.26000213623047,,
303,2013-03-18,126.16999816894531,13.359999656677246,19.450000762939453,,2013-03-18,1604.5999755859375,BTC-USD,82.69000244140625,,
304,2013-03-19,127.08000183105469,14.390000343322754,21.139999389648438,,2013-03-19,1611.300048828125,BTC-USD,82.98999786376953,,
305,2013-03-20,123.7300033569336,12.670000076293945,19.579999923706055,,2013-03-20,1607.5,BTC-USD,82.77999877929688,,
306,2013-03-21,121.69000244140625,13.989999771118164,19.739999771118164,,2013-03-21,1613.800048828125,BTC-USD,82.80000305175781,,
307,2013-03-22,122.18000030517578,13.569999694824219,19.110000610351562,,2013-03-22,1606.199951171875,BTC-USD,82.52999877929688,,
308,2013-03-25,122.02999877929688,13.739999771118164,19.079999923706055,,2013-03-25,1604.5999755859375,BTC-USD,82.87000274658203,,
309,2013-03-26,122.47000122070312,12.770000457763672,17.809999465942383,,2013-03-26,1595.800048828125,BTC-USD,82.87999725341797,,
310,2013-03-27,121.98999786376953,13.149999618530273,17.950000762939453,,2013-03-27,1606.199951171875,BTC-USD,83.20999908447266,,
311,2013-03-28,122.93000030517578,12.699999809265137,18.190000534057617,,2013-03-28,1594.800048828125,BTC-USD,82.98999786376953,,
312,2013-04-01,121.20999908447266,13.579999923706055,19.200000762939453,,2013-04-01,1600.0,BTC-USD,82.7300033569336,,
313,2013-04-02,122.83999633789062,12.779999732971191,19.329999923706055,,2013-04-02,1575.0999755859375,BTC-USD,82.94000244140625,,
314,2013-04-03,120.91999816894531,14.210000038146973,21.739999771118164,,2013-04-03,1552.800048828125,BTC-USD,82.72000122070312,,
315,2013-04-04,120.79000091552734,13.890000343322754,21.84000015258789,,2013-04-04,1551.800048828125,BTC-USD,82.68000030517578,,
316,2013-04-05,118.33999633789062,13.920000076293945,21.389999389648438,,2013-04-05,1575.4000244140625,BTC-USD,82.5,,
317,2013-04-08,119.20999908447266,13.1899995803833,21.010000228881836,,2013-04-08,1572.0,BTC-USD,82.75,,
318,2013-04-09,118.62999725341797,12.84000015258789,20.639999389648438,,2013-04-09,1586.199951171875,BTC-USD,82.30999755859375,,
319,2013-04-10,118.33999633789062,12.359999656677246,20.549999237060547,,2013-04-10,1558.300048828125,BTC-USD,82.52999877929688,,
320,2013-04-11,117.23999786376953,12.239999771118164,21.200000762939453,,2013-04-11,1564.300048828125,BTC-USD,82.25,,
321,2013-04-12,117.83999633789062,12.0600004196167,22.59000015258789,,2013-04-12,1501.0,BTC-USD,82.30999755859375,,
322,2013-04-15,119.91999816894531,17.270000457763672,29.84000015258789,,2013-04-15,1360.5999755859375,BTC-USD,82.41999816894531,,
323,2013-04-16,124.0999984741211,13.960000038146973,27.31999969482422,,2013-04-16,1386.800048828125,BTC-USD,81.75,,
324,2013-04-17,120.69999694824219,16.510000228881836,31.139999389648438,,2013-04-17,1382.199951171875,BTC-USD,82.66000366210938,,
325,2013-04-18,121.27999877929688,17.559999465942383,28.530000686645508,,2013-04-18,1392.0,BTC-USD,82.55000305175781,,
326,2013-04-19,122.61000061035156,14.970000267028809,27.56999969482422,,2013-04-19,1395.300048828125,BTC-USD,82.70999908447266,,
327,2013-04-22,120.5199966430664,14.390000343322754,25.06999969482422,,2013-04-22,1421.0,BTC-USD,82.68000030517578,,
328,2013-04-23,121.55999755859375,13.479999542236328,24.43000030517578,,2013-04-23,1408.5999755859375,BTC-USD,83.02999877929688,,
329,2013-04-24,119.83999633789062,13.609999656677246,23.260000228881836,,2013-04-24,1423.4000244140625,BTC-USD,82.93000030517578,,
330,2013-04-25,119.83000183105469,13.619999885559082,22.68000030517578,,2013-04-25,1461.800048828125,BTC-USD,82.73999786376953,,
331,2013-04-26,118.86000061035156,13.609999656677246,22.510000228881836,,2013-04-26,1453.5999755859375,BTC-USD,82.4800033569336,,
332,2013-04-29,118.8499984741211,13.710000038146973,23.440000534057617,,2013-04-29,1467.4000244140625,BTC-USD,82.1500015258789,,
333,2013-04-30,119.05000305175781,13.520000457763672,24.56999969482422,,2013-04-30,1472.199951171875,BTC-USD,81.7300033569336,,
334,2013-05-01,118.05000305175781,14.489999771118164,26.68000030517578,,2013-05-01,1446.300048828125,BTC-USD,81.63999938964844,,
335,2013-05-02,117.94999694824219,13.59000015258789,24.489999771118164,,2013-05-02,1467.699951171875,BTC-USD,82.20999908447266,,
336,2013-05-03,118.18000030517578,12.850000381469727,24.010000228881836,,2013-05-03,1464.300048828125,BTC-USD,82.0999984741211,,
337,2013-05-06,116.93000030517578,12.65999984741211,25.15999984741211,,2013-05-06,1468.0999755859375,BTC-USD,82.31999969482422,,
338,2013-05-07,119.76000213623047,12.829999923706055,24.3799991607666,,2013-05-07,1449.0,BTC-USD,82.30000305175781,,
339,2013-05-08,117.3499984741211,12.65999984741211,22.639999389648438,,2013-05-08,1473.9000244140625,BTC-USD,81.9000015258789,,
340,2013-05-09,119.08000183105469,13.130000114440918,23.239999771118164,,2013-05-09,1468.800048828125,BTC-USD,82.79000091552734,,
341,2013-05-10,117.97000122070312,12.59000015258789,22.829999923706055,,2013-05-10,1436.800048828125,BTC-USD,83.13999938964844,,
342,2013-05-13,119.16000366210938,12.550000190734863,23.65999984741211,,2013-05-13,1434.5,BTC-USD,83.26000213623047,,
343,2013-05-14,116.16000366210938,12.770000457763672,24.1200008392334,,2013-05-14,1424.699951171875,BTC-USD,83.56999969482422,,
344,2013-05-15,119.41000366210938,12.8100004196167,24.479999542236328,,2013-05-15,1396.5,BTC-USD,83.83000183105469,,
345,2013-05-16,121.22000122070312,13.069999694824219,24.389999389648438,,2013-05-16,1387.0999755859375,BTC-USD,83.7699966430664,,
346,2013-05-17,127.8499984741211,12.449999809265137,22.81999969482422,,2013-05-17,1364.9000244140625,BTC-USD,84.27999877929688,,
347,2013-05-20,117.66999816894531,13.020000457763672,23.440000534057617,,2013-05-20,1384.300048828125,BTC-USD,83.80999755859375,,
348,2013-05-21,117.08000183105469,13.369999885559082,23.110000610351562,,2013-05-21,1377.800048828125,BTC-USD,83.86000061035156,,
349,2013-05-22,117.16000366210938,13.819999694824219,24.450000762939453,,2013-05-22,1367.5999755859375,BTC-USD,84.25,,
350,2013-05-23,116.91999816894531,14.069999694824219,23.299999237060547,,2013-05-23,1392.0,BTC-USD,83.80000305175781,,
351,2013-05-24,118.16999816894531,13.989999771118164,22.56999969482422,,2013-05-24,1386.800048828125,BTC-USD,83.69999694824219,,
352,2013-05-28,112.47000122070312,14.479999542236328,22.950000762939453,,2013-05-28,1379.0999755859375,BTC-USD,84.13999938964844,,
353,2013-05-29,116.19999694824219,14.829999923706055,24.040000915527344,,2013-05-29,1391.300048828125,BTC-USD,83.63999938964844,,
354,2013-05-30,117.75,14.529999732971191,24.209999084472656,,2013-05-30,1411.5,BTC-USD,83.01000213623047,,
355,2013-05-31,119.51000213623047,16.299999237060547,24.40999984741211,,2013-05-31,1392.5999755859375,BTC-USD,83.37999725341797,,
356,2013-06-03,119.16000366210938,16.280000686645508,24.790000915527344,,2013-06-03,1411.699951171875,BTC-USD,82.68000030517578,,
357,2013-06-04,116.87000274658203,16.270000457763672,24.639999389648438,,2013-06-04,1397.0999755859375,BTC-USD,82.7699966430664,,
358,2013-06-05,116.56999969482422,17.5,24.489999771118164,,2013-06-05,1398.4000244140625,BTC-USD,82.56999969482422,,
359,2013-06-06,116.56999969482422,16.6299991607666,23.889999389648438,,2013-06-06,1415.699951171875,BTC-USD,81.5199966430664,,
360,2013-06-07,116.19999694824219,15.140000343322754,22.40999984741211,,2013-06-07,1383.0,BTC-USD,81.69000244140625,,
361,2013-06-10,116.19999694824219,15.4399995803833,21.739999771118164,,2013-06-10,1386.199951171875,BTC-USD,81.6500015258789,,
362,2013-06-11,116.9800033569336,17.06999969482422,21.809999465942383,,2013-06-11,1377.0,BTC-USD,81.05999755859375,,
363,2013-06-12,115.55999755859375,18.59000015258789,22.719999313354492,,2013-06-12,1391.800048828125,BTC-USD,80.95999908447266,,
364,2013-06-13,117.27999877929688,16.40999984741211,21.469999313354492,,2013-06-13,1377.5999755859375,BTC-USD,80.62000274658203,,
365,2013-06-14,116.29000091552734,17.149999618530273,21.219999313354492,,2013-06-14,1387.300048828125,BTC-USD,80.66999816894531,,
366,2013-06-17,116.73999786376953,16.799999237060547,21.040000915527344,,2013-06-17,1382.800048828125,BTC-USD,80.56999969482422,,
367,2013-06-18,118.69999694824219,16.610000610351562,20.639999389648438,,2013-06-18,1366.5999755859375,BTC-USD,80.62000274658203,,
368,2013-06-19,117.83999633789062,16.639999389648438,19.979999542236328,,2013-06-19,1373.5999755859375,BTC-USD,81.43000030517578,,
369,2013-06-20,117.5199966430664,20.489999771118164,25.899999618530273,,2013-06-20,1285.9000244140625,BTC-USD,81.83999633789062,,
370,2013-06-21,117.36000061035156,18.899999618530273,23.68000030517578,,2013-06-21,1291.5999755859375,BTC-USD,82.31999969482422,,
371,2013-06-24,116.08000183105469,20.110000610351562,24.31999969482422,,2013-06-24,1276.800048828125,BTC-USD,82.43000030517578,,
372,2013-06-25,115.2300033569336,18.469999313354492,23.6299991607666,,2013-06-25,1274.800048828125,BTC-USD,82.58000183105469,,
373,2013-06-26,115.80999755859375,17.209999084472656,22.81999969482422,,2013-06-26,1229.5999755859375,BTC-USD,82.94999694824219,,
374,2013-06-27,116.01000213623047,16.860000610351562,23.170000076293945,,2013-06-27,1211.4000244140625,BTC-USD,82.91000366210938,,
375,2013-06-28,116.52999877929688,16.860000610351562,22.3700008392334,,2013-06-28,1223.800048828125,BTC-USD,83.16999816894531,,
376,2013-07-01,114.8499984741211,16.3700008392334,22.18000030517578,,2013-07-01,1255.9000244140625,BTC-USD,82.9800033569336,,
377,2013-07-02,115.22000122070312,16.440000534057617,22.6299991607666,,2013-07-02,1243.5999755859375,BTC-USD,83.54000091552734,,
378,2013-07-03,113.12999725341797,16.200000762939453,25.700000762939453,,2013-07-03,1252.0999755859375,BTC-USD,83.2300033569336,,
379,2013-07-05,117.12000274658203,14.890000343322754,26.739999771118164,,2013-07-05,1212.9000244140625,BTC-USD,84.41999816894531,,
380,2013-07-08,117.12999725341797,14.779999732971191,25.3700008392334,,2013-07-08,1234.9000244140625,BTC-USD,84.19999694824219,,
381,2013-07-09,115.19000244140625,14.350000381469727,25.219999313354492,,2013-07-09,1245.9000244140625,BTC-USD,84.58000183105469,,
382,2013-07-10,117.08000183105469,14.210000038146973,26.219999313354492,,2013-07-10,1247.4000244140625,BTC-USD,84.04000091552734,,
383,2013-07-11,117.08000183105469,14.010000228881836,24.579999923706055,,2013-07-11,1280.0999755859375,BTC-USD,82.75,,
384,2013-07-12,117.08000183105469,13.84000015258789,24.510000228881836,,2013-07-12,1277.800048828125,BTC-USD,82.98999786376953,,
385,2013-07-15,114.41999816894531,13.789999961853027,23.719999313354492,,2013-07-15,1283.800048828125,BTC-USD,83.04000091552734,,
386,2013-07-16,115.26000213623047,14.420000076293945,24.5,,2013-07-16,1290.800048828125,BTC-USD,82.43000030517578,,
387,2013-07-17,115.2699966430664,13.779999732971191,23.299999237060547,,2013-07-17,1277.9000244140625,BTC-USD,82.70999908447266,,
388,2013-07-18,115.58000183105469,13.770000457763672,23.049999237060547,,2013-07-18,1284.5999755859375,BTC-USD,82.81999969482422,,
389,2013-07-19,113.06999969482422,12.539999961853027,24.079999923706055,,2013-07-19,1293.300048828125,BTC-USD,82.58000183105469,,
390,2013-07-22,112.9000015258789,12.289999961853027,24.229999542236328,,2013-07-22,1336.4000244140625,BTC-USD,82.22000122070312,,
391,2013-07-23,113.13999938964844,12.65999984741211,23.6299991607666,,2013-07-23,1335.0999755859375,BTC-USD,82.01000213623047,,
392,2013-07-24,118.72000122070312,13.180000305175781,23.770000457763672,,2013-07-24,1319.699951171875,BTC-USD,82.30000305175781,,
393,2013-07-25,117.8499984741211,12.970000267028809,23.3700008392334,,2013-07-25,1329.0,BTC-USD,81.97000122070312,,
394,2013-07-26,118.2300033569336,12.720000267028809,22.979999542236328,,2013-07-26,1321.699951171875,BTC-USD,81.62000274658203,,
395,2013-07-29,118.93000030517578,13.390000343322754,22.790000915527344,,2013-07-29,1328.4000244140625,BTC-USD,81.66000366210938,,
396,2013-07-30,119.38999938964844,13.390000343322754,23.479999542236328,,2013-07-30,1324.0,BTC-USD,81.83000183105469,,
397,2013-07-31,117.8499984741211,13.449999809265137,22.950000762939453,,2013-07-31,1312.4000244140625,BTC-USD,81.44999694824219,,
398,2013-08-01,115.05999755859375,12.9399995803833,22.280000686645508,,2013-08-01,1311.0,BTC-USD,82.33999633789062,,
399,2013-08-02,116.88999938964844,11.979999542236328,22.260000228881836,,2013-08-02,1310.5999755859375,BTC-USD,81.91000366210938,,
400,2013-08-05,116.52999877929688,11.84000015258789,22.8700008392334,,2013-08-05,1302.5999755859375,BTC-USD,81.87999725341797,,
401,2013-08-06,119.08999633789062,12.720000267028809,22.639999389648438,,2013-08-06,1283.199951171875,BTC-USD,81.5999984741211,,
402,2013-08-07,118.30999755859375,12.979999542236328,22.559999465942383,,2013-08-07,1286.0999755859375,BTC-USD,81.29000091552734,,
403,2013-08-08,118.47000122070312,12.729999542236328,22.25,,2013-08-08,1310.699951171875,BTC-USD,81.01000213623047,,
404,2013-08-09,122.30000305175781,13.40999984741211,22.639999389648438,,2013-08-09,1312.9000244140625,BTC-USD,81.12999725341797,,
405,2013-08-12,115.44000244140625,12.8100004196167,22.68000030517578,,2013-08-12,1334.699951171875,BTC-USD,81.33000183105469,,
406,2013-08-13,115.80999755859375,12.3100004196167,22.6299991607666,,2013-08-13,1321.199951171875,BTC-USD,81.7300033569336,,
407,2013-08-14,119.33000183105469,13.039999961853027,23.149999618530273,,2013-08-14,1334.0,BTC-USD,81.69999694824219,,
408,2013-08-15,115.81999969482422,14.729999542236328,24.149999618530273,,2013-08-15,1361.5999755859375,BTC-USD,81.12999725341797,,
409,2013-08-16,117.20999908447266,14.369999885559082,23.989999771118164,,2013-08-16,1371.699951171875,BTC-USD,81.26000213623047,,
410,2013-08-19,118.1500015258789,15.100000381469727,23.479999542236328,,2013-08-19,1366.199951171875,BTC-USD,81.2300033569336,,
411,2013-08-20,118.06999969482422,14.90999984741211,24.18000030517578,,2013-08-20,1373.0999755859375,BTC-USD,80.91000366210938,,
412,2013-08-21,117.16999816894531,15.9399995803833,24.329999923706055,,2013-08-21,1370.5999755859375,BTC-USD,81.31999969482422,,
413,2013-08-22,119.20999908447266,14.760000228881836,23.260000228881836,,2013-08-22,1371.199951171875,BTC-USD,81.48999786376953,,
414,2013-08-23,120.12999725341797,13.979999542236328,22.700000762939453,,2013-08-23,1395.699951171875,BTC-USD,81.33999633789062,,
415,2013-08-26,118.69000244140625,14.989999771118164,23.43000030517578,,2013-08-26,1393.0,BTC-USD,81.37000274658203,,
416,2013-08-27,118.06999969482422,16.770000457763672,27.190000534057617,,2013-08-27,1420.5999755859375,BTC-USD,81.16999816894531,,
417,2013-08-28,117.51000213623047,16.489999771118164,29.790000915527344,,2013-08-28,1419.0,BTC-USD,81.41999816894531,,
418,2013-08-29,117.20999908447266,16.809999465942383,27.40999984741211,,2013-08-29,1412.9000244140625,BTC-USD,81.94999694824219,,
419,2013-08-30,117.4800033569336,17.010000228881836,28.100000381469727,,2013-08-30,1396.0999755859375,BTC-USD,82.08999633789062,,
420,2013-09-03,116.72000122070312,16.610000610351562,29.40999984741211,,2013-09-03,1412.0,BTC-USD,82.36000061035156,,
421,2013-09-04,116.97000122070312,15.880000114440918,28.729999542236328,,2013-09-04,1389.9000244140625,BTC-USD,82.16999816894531,,
422,2013-09-05,117.37000274658203,15.770000457763672,27.440000534057617,,2013-09-05,1373.0999755859375,BTC-USD,82.62999725341797,,
423,2013-09-06,118.66999816894531,15.850000381469727,28.100000381469727,,2013-09-06,1386.699951171875,BTC-USD,82.1500015258789,,
424,2013-09-09,119.0,15.630000114440918,27.93000030517578,,2013-09-09,1386.800048828125,BTC-USD,81.79000091552734,,
425,2013-09-10,119.94000244140625,14.529999732971191,27.1200008392334,,2013-09-10,1364.0999755859375,BTC-USD,81.81999969482422,,
426,2013-09-11,120.68000030517578,13.819999694824219,24.31999969482422,,2013-09-11,1363.9000244140625,BTC-USD,81.5199966430664,,
427,2013-09-12,120.68000030517578,14.289999961853027,23.56999969482422,,2013-09-12,1330.4000244140625,BTC-USD,81.48999786376953,,
428,2013-09-13,120.12000274658203,14.15999984741211,23.18000030517578,,2013-09-13,1308.4000244140625,BTC-USD,81.44999694824219,,
429,2013-09-16,118.83999633789062,14.380000114440918,23.030000686645508,,2013-09-16,1317.9000244140625,BTC-USD,81.25,,
430,2013-09-17,121.58999633789062,14.529999732971191,23.170000076293945,,2013-09-17,1309.5,BTC-USD,81.16999816894531,,
431,2013-09-18,114.22000122070312,13.59000015258789,22.809999465942383,,2013-09-18,1307.800048828125,BTC-USD,80.23999786376953,,
432,2013-09-19,115.69000244140625,13.15999984741211,21.510000228881836,,2013-09-19,1369.4000244140625,BTC-USD,80.36000061035156,,
433,2013-09-20,115.87000274658203,13.119999885559082,21.3799991607666,,2013-09-20,1332.5,BTC-USD,80.44000244140625,,
434,2013-09-23,119.08000183105469,14.3100004196167,22.270000457763672,,2013-09-23,1326.9000244140625,BTC-USD,80.44999694824219,,
435,2013-09-24,119.30999755859375,14.079999923706055,22.5,,2013-09-24,1316.0,BTC-USD,80.55999755859375,,
436,2013-09-25,117.44999694824219,14.010000228881836,22.31999969482422,,2013-09-25,1335.9000244140625,BTC-USD,80.33000183105469,,
437,2013-09-26,122.02999877929688,14.0600004196167,21.770000457763672,,2013-09-26,1323.5999755859375,BTC-USD,80.5199966430664,,
438,2013-09-27,124.4800033569336,15.460000038146973,21.84000015258789,,2013-09-27,1338.4000244140625,BTC-USD,80.2699966430664,,
439,2013-09-30,123.45999908447266,16.600000381469727,22.979999542236328,,2013-09-30,1326.5,BTC-USD,80.22000122070312,,
440,2013-10-01,123.73999786376953,15.539999961853027,22.56999969482422,,2013-10-01,1286.0,BTC-USD,80.0999984741211,,
441,2013-10-02,123.5199966430664,16.600000381469727,21.520000457763672,,2013-10-02,1320.5999755859375,BTC-USD,79.87999725341797,,
442,2013-10-03,122.30999755859375,17.670000076293945,21.6200008392334,,2013-10-03,1317.4000244140625,BTC-USD,79.7699966430664,,
443,2013-10-04,123.9800033569336,16.739999771118164,21.489999771118164,,2013-10-04,1309.699951171875,BTC-USD,80.12000274658203,,
444,2013-10-07,123.2300033569336,19.40999984741211,22.010000228881836,,2013-10-07,1324.800048828125,BTC-USD,79.94000244140625,,
445,2013-10-08,120.72000122070312,20.34000015258789,21.950000762939453,,2013-10-08,1324.199951171875,BTC-USD,80.05999755859375,,
446,2013-10-09,122.62000274658203,19.600000381469727,23.239999771118164,,2013-10-09,1306.9000244140625,BTC-USD,80.37000274658203,,
447,2013-10-10,120.25,16.479999542236328,21.389999389648438,,2013-10-10,1296.5999755859375,BTC-USD,80.41999816894531,,
448,2013-10-11,130.97000122070312,15.720000267028809,21.549999237060547,,2013-10-11,1268.0,BTC-USD,80.36000061035156,,
449,2013-10-14,129.13999938964844,16.06999969482422,22.520000457763672,,2013-10-14,1276.4000244140625,BTC-USD,80.26000213623047,,
450,2013-10-15,131.00999450683594,18.65999984741211,23.520000457763672,,2013-10-15,1273.0,BTC-USD,80.4800033569336,,
451,2013-10-16,125.23999786376953,14.710000038146973,21.729999542236328,,2013-10-16,1282.0,BTC-USD,80.5,,
452,2013-10-17,126.68000030517578,13.479999542236328,21.219999313354492,,2013-10-17,1322.699951171875,BTC-USD,79.6500015258789,,
453,2013-10-18,131.35000610351562,13.039999961853027,20.1200008392334,,2013-10-18,1314.4000244140625,BTC-USD,79.63999938964844,,
454,2013-10-21,130.6699981689453,13.15999984741211,20.90999984741211,,2013-10-21,1315.699951171875,BTC-USD,79.68000030517578,,
455,2013-10-22,129.1699981689453,13.329999923706055,21.6200008392334,,2013-10-22,1342.5,BTC-USD,79.23999786376953,,
456,2013-10-23,134.47000122070312,13.420000076293945,23.280000686645508,,2013-10-23,1333.9000244140625,BTC-USD,79.26000213623047,,
457,2013-10-24,135.4199981689453,13.199999809265137,21.8799991607666,,2013-10-24,1350.199951171875,BTC-USD,79.19000244140625,,
458,2013-10-25,135.05999755859375,13.09000015258789,20.280000686645508,,2013-10-25,1352.4000244140625,BTC-USD,79.18000030517578,,
459,2013-10-28,127.58000183105469,13.3100004196167,20.56999969482422,,2013-10-28,1352.0,BTC-USD,79.25,,
460,2013-10-29,127.58000183105469,13.40999984741211,20.639999389648438,,2013-10-29,1345.199951171875,BTC-USD,79.62999725341797,,
461,2013-10-30,127.94999694824219,13.649999618530273,20.950000762939453,,2013-10-30,1349.0,BTC-USD,79.75,,
462,2013-10-31,132.3300018310547,13.75,20.59000015258789,,2013-10-31,1323.5999755859375,BTC-USD,80.19999694824219,,
463,2013-11-01,129.83999633789062,13.279999732971191,21.290000915527344,,2013-11-01,1313.0999755859375,BTC-USD,80.7300033569336,,
464,2013-11-04,125.56999969482422,12.930000305175781,21.739999771118164,,2013-11-04,1314.5999755859375,BTC-USD,80.55000305175781,,
465,2013-11-05,122.9800033569336,13.270000457763672,22.18000030517578,,2013-11-05,1308.0,BTC-USD,80.70999908447266,,
466,2013-11-06,118.69000244140625,12.670000076293945,20.979999542236328,,2013-11-06,1317.699951171875,BTC-USD,80.4800033569336,,
467,2013-11-07,123.83000183105469,13.90999984741211,20.790000915527344,,2013-11-07,1308.4000244140625,BTC-USD,80.81999969482422,,
468,2013-11-08,126.37000274658203,12.899999618530273,19.700000762939453,,2013-11-08,1284.5,BTC-USD,81.20999908447266,,
469,2013-11-11,125.55000305175781,12.529999732971191,19.690000534057617,,2013-11-11,1281.0,BTC-USD,81.08999633789062,,
470,2013-11-12,129.66000366210938,12.819999694824219,20.31999969482422,,2013-11-12,1271.0999755859375,BTC-USD,81.19000244140625,,
471,2013-11-13,131.00999450683594,12.520000457763672,19.6299991607666,,2013-11-13,1268.300048828125,BTC-USD,80.93000030517578,,
472,2013-11-14,133.02999877929688,12.369999885559082,19.920000076293945,,2013-11-14,1286.199951171875,BTC-USD,80.9800033569336,,
473,2013-11-15,133.4600067138672,12.1899995803833,19.389999389648438,,2013-11-15,1287.300048828125,BTC-USD,80.83999633789062,,
474,2013-11-18,137.05999755859375,13.100000381469727,19.709999084472656,,2013-11-18,1272.199951171875,BTC-USD,80.83000183105469,,
475,2013-11-19,133.6199951171875,13.390000343322754,19.829999923706055,,2013-11-19,1273.4000244140625,BTC-USD,80.69999694824219,,
476,2013-11-20,133.25,13.399999618530273,19.8700008392334,,2013-11-20,1257.9000244140625,BTC-USD,81.11000061035156,,
477,2013-11-21,124.62999725341797,12.65999984741211,18.690000534057617,,2013-11-21,1243.5,BTC-USD,81.05000305175781,,
478,2013-11-22,133.75999450683594,12.260000228881836,18.100000381469727,,2013-11-22,1244.0,BTC-USD,80.70999908447266,,
479,2013-11-25,134.22999572753906,12.789999961853027,19.229999542236328,,2013-11-25,1241.0999755859375,BTC-USD,80.91999816894531,,
480,2013-11-26,133.63999938964844,12.8100004196167,18.639999389648438,,2013-11-26,1241.4000244140625,BTC-USD,80.61000061035156,,
481,2013-11-27,133.82000732421875,12.979999542236328,19.6200008392334,,2013-11-27,1237.800048828125,BTC-USD,80.73999786376953,,
482,2013-11-29,130.82000732421875,13.699999809265137,20.0,,2013-11-29,1250.5999755859375,BTC-USD,80.68000030517578,,
483,2013-12-02,131.63999938964844,14.229999542236328,20.280000686645508,,2013-12-02,1222.300048828125,BTC-USD,80.91000366210938,,
484,2013-12-03,132.3800048828125,14.550000190734863,19.489999771118164,,2013-12-03,1221.699951171875,BTC-USD,80.62000274658203,,
485,2013-12-04,131.6300048828125,14.699999809265137,19.059999465942383,,2013-12-04,1248.199951171875,BTC-USD,80.62999725341797,,
486,2013-12-05,128.00999450683594,15.079999923706055,18.59000015258789,,2013-12-05,1233.199951171875,BTC-USD,80.2699966430664,,
487,2013-12-06,128.00999450683594,13.789999961853027,17.950000762939453,,2013-12-06,1230.300048828125,BTC-USD,80.2699966430664,,
488,2013-12-09,126.08999633789062,13.489999771118164,18.100000381469727,,2013-12-09,1235.300048828125,BTC-USD,80.12999725341797,,
489,2013-12-10,126.68000030517578,13.90999984741211,17.950000762939453,,2013-12-10,1262.4000244140625,BTC-USD,79.97000122070312,,
490,2013-12-11,126.73999786376953,15.420000076293945,17.979999542236328,,2013-12-11,1258.5,BTC-USD,79.88999938964844,,
491,2013-12-12,125.08999633789062,15.539999961853027,18.190000534057617,,2013-12-12,1226.0,BTC-USD,80.19999694824219,,
492,2013-12-13,126.22000122070312,15.760000228881836,18.420000076293945,,2013-12-13,1235.699951171875,BTC-USD,80.20999908447266,,
493,2013-12-16,126.22000122070312,16.030000686645508,17.489999771118164,,2013-12-16,1245.5,BTC-USD,80.06999969482422,,
494,2013-12-17,128.75,16.209999084472656,17.700000762939453,,2013-12-17,1231.199951171875,BTC-USD,80.05999755859375,,
495,2013-12-18,135.5800018310547,13.800000190734863,17.260000228881836,,2013-12-18,1236.0999755859375,BTC-USD,80.11000061035156,,
496,2013-12-19,137.86000061035156,14.149999618530273,16.700000762939453,,2013-12-19,1195.0,BTC-USD,80.62999725341797,,
497,2013-12-20,143.1999969482422,13.789999961853027,15.859999656677246,,2013-12-20,1205.0999755859375,BTC-USD,80.58000183105469,,
498,2013-12-23,138.11000061035156,13.039999961853027,15.420000076293945,,2013-12-23,1198.4000244140625,BTC-USD,80.44999694824219,,
499,2013-12-24,137.8800048828125,12.479999542236328,15.260000228881836,,2013-12-24,1205.0999755859375,BTC-USD,80.52999877929688,,
500,2013-12-26,136.64999389648438,12.329999923706055,15.199999809265137,,2013-12-26,1214.0999755859375,BTC-USD,80.4800033569336,,
501,2013-12-27,136.72000122070312,12.460000038146973,15.739999771118164,,2013-12-27,1216.0999755859375,BTC-USD,80.38999938964844,,
502,2013-12-30,134.36000061035156,13.5600004196167,16.530000686645508,,2013-12-30,1203.0999755859375,BTC-USD,80.0,,
503,2013-12-31,133.6300048828125,13.720000267028809,17.760000228881836,,2013-12-31,1201.9000244140625,BTC-USD,80.04000091552734,,
504,2014-01-02,133.72999572753906,14.229999542236328,20.239999771118164,,2014-01-02,1225.0,BTC-USD,80.62999725341797,,
505,2014-01-03,134.4600067138672,13.760000228881836,20.600000381469727,,2014-01-03,1238.4000244140625,BTC-USD,80.79000091552734,,
506,2014-01-06,131.99000549316406,13.550000190734863,20.700000762939453,,2014-01-06,1237.800048828125,BTC-USD,80.6500015258789,,
507,2014-01-07,129.10000610351562,12.920000076293945,19.670000076293945,,2014-01-07,1229.4000244140625,BTC-USD,80.83000183105469,,
508,2014-01-08,129.4600067138672,12.869999885559082,20.170000076293945,,2014-01-08,1225.300048828125,BTC-USD,81.04000091552734,,
509,2014-01-09,130.8699951171875,12.890000343322754,19.510000228881836,,2014-01-09,1229.300048828125,BTC-USD,81.01000213623047,,
510,2014-01-10,126.1500015258789,12.140000343322754,19.469999313354492,,2014-01-10,1246.699951171875,BTC-USD,80.66000366210938,,
511,2014-01-13,130.58999633789062,13.279999732971191,19.75,,2014-01-13,1250.9000244140625,BTC-USD,80.51000213623047,,
512,2014-01-14,133.44000244140625,12.279999732971191,19.809999465942383,,2014-01-14,1245.199951171875,BTC-USD,80.61000061035156,,
513,2014-01-15,132.69000244140625,12.279999732971191,18.700000762939453,,2014-01-15,1238.0999755859375,BTC-USD,81.0,,
514,2014-01-16,136.35000610351562,12.529999732971191,17.90999984741211,,2014-01-16,1240.0,BTC-USD,80.9000015258789,,
515,2014-01-17,139.6199951171875,12.4399995803833,17.1200008392334,,2014-01-17,1251.699951171875,BTC-USD,81.26000213623047,,
516,2014-01-21,138.77000427246094,12.869999885559082,18.260000228881836,,2014-01-21,1242.300048828125,BTC-USD,81.0999984741211,,
517,2014-01-22,138.9199981689453,12.84000015258789,18.170000076293945,,2014-01-22,1239.0,BTC-USD,81.16999816894531,,
518,2014-01-23,135.7100067138672,13.770000457763672,18.790000915527344,,2014-01-23,1262.5999755859375,BTC-USD,80.44000244140625,,
519,2014-01-24,131.61000061035156,18.139999389648438,19.459999084472656,,2014-01-24,1264.5,BTC-USD,80.45999908447266,,
520,2014-01-27,128.72999572753906,17.420000076293945,20.889999389648438,,2014-01-27,1263.5999755859375,BTC-USD,80.5,,
521,2014-01-28,128.3000030517578,15.800000190734863,20.829999923706055,,2014-01-28,1251.0,BTC-USD,80.56999969482422,,
522,2014-01-29,126.70999908447266,17.350000381469727,20.809999465942383,,2014-01-29,1262.199951171875,BTC-USD,80.51000213623047,,
523,2014-01-30,127.91000366210938,17.290000915527344,19.760000228881836,,2014-01-30,1242.199951171875,BTC-USD,81.08999633789062,,
524,2014-01-31,128.3699951171875,18.40999984741211,20.350000381469727,,2014-01-31,1240.0999755859375,BTC-USD,81.2699966430664,,
525,2014-02-03,126.16999816894531,21.440000534057617,21.649999618530273,,2014-02-03,1260.4000244140625,BTC-USD,81.01000213623047,,
526,2014-02-04,127.26000213623047,19.110000610351562,21.469999313354492,,2014-02-04,1251.699951171875,BTC-USD,81.12000274658203,,
527,2014-02-05,127.79000091552734,19.950000762939453,20.649999618530273,,2014-02-05,1257.300048828125,BTC-USD,81.02999877929688,,
528,2014-02-06,124.68000030517578,17.229999542236328,19.649999618530273,,2014-02-06,1257.5999755859375,BTC-USD,80.88999938964844,,
529,2014-02-07,129.00999450683594,15.289999961853027,19.030000686645508,,2014-02-07,1263.300048828125,BTC-USD,80.69000244140625,,
530,2014-02-10,126.26000213623047,15.260000228881836,19.18000030517578,,2014-02-10,1274.800048828125,BTC-USD,80.66999816894531,,
531,2014-02-11,126.69999694824219,14.510000228881836,19.049999237060547,,2014-02-11,1290.0999755859375,BTC-USD,80.62999725341797,,
532,2014-02-12,127.83999633789062,14.300000190734863,19.229999542236328,,2014-02-12,1295.300048828125,BTC-USD,80.68000030517578,,
533,2014-02-13,128.57000732421875,14.140000343322754,19.0,,2014-02-13,1300.4000244140625,BTC-USD,80.29000091552734,,
534,2014-02-14,129.25,13.569999694824219,17.950000762939453,,2014-02-14,1319.0,BTC-USD,80.12999725341797,,
535,2014-02-18,124.25,13.869999885559082,18.43000030517578,,2014-02-18,1324.699951171875,BTC-USD,80.01000213623047,,
536,2014-02-19,129.1199951171875,15.5,18.350000381469727,,2014-02-19,1320.5999755859375,BTC-USD,80.16999816894531,,
537,2014-02-20,134.3699951171875,14.789999961853027,17.59000015258789,,2014-02-20,1317.0999755859375,BTC-USD,80.29000091552734,,
538,2014-02-21,138.7899932861328,14.680000305175781,17.899999618530273,,2014-02-21,1323.9000244140625,BTC-USD,80.23999786376953,,
539,2014-02-24,134.47000122070312,14.229999542236328,18.15999984741211,,2014-02-24,1338.300048828125,BTC-USD,80.20999908447266,,
540,2014-02-25,121.91999816894531,13.670000076293945,18.469999313354492,,2014-02-25,1343.0,BTC-USD,80.1500015258789,,
541,2014-02-26,132.22000122070312,14.350000381469727,18.479999542236328,,2014-02-26,1328.199951171875,BTC-USD,80.41000366210938,,
542,2014-02-27,137.24000549316406,14.039999961853027,18.809999465942383,,2014-02-27,1331.5999755859375,BTC-USD,80.29000091552734,,
543,2014-02-28,137.1699981689453,14.0,18.709999084472656,,2014-02-28,1321.4000244140625,BTC-USD,79.77999877929688,,
544,2014-03-03,129.1199951171875,16.0,20.899999618530273,,2014-03-03,1350.0999755859375,BTC-USD,80.06999969482422,,
545,2014-03-04,131.64999389648438,14.100000381469727,19.8799991607666,,2014-03-04,1337.800048828125,BTC-USD,80.16000366210938,,
546,2014-03-05,126.62000274658203,13.890000343322754,20.290000915527344,,2014-03-05,1340.199951171875,BTC-USD,80.11000061035156,,
547,2014-03-06,133.4600067138672,14.210000038146973,19.959999084472656,,2014-03-06,1351.699951171875,BTC-USD,79.68000030517578,,
548,2014-03-07,130.49000549316406,14.109999656677246,20.010000228881836,,2014-03-07,1338.0999755859375,BTC-USD,79.72000122070312,,
549,2014-03-10,131.35000610351562,14.199999809265137,20.329999923706055,,2014-03-10,1341.4000244140625,BTC-USD,79.75,,
550,2014-03-11,130.0800018310547,14.800000190734863,20.670000076293945,,2014-03-11,1346.5,BTC-USD,79.7699966430664,,
551,2014-03-12,132.3300018310547,14.470000267028809,20.899999618530273,,2014-03-12,1370.300048828125,BTC-USD,79.61000061035156,,
552,2014-03-13,127.66000366210938,16.219999313354492,20.829999923706055,,2014-03-13,1372.199951171875,BTC-USD,79.62000274658203,,
553,2014-03-14,112.66000366210938,17.81999969482422,21.700000762939453,,2014-03-14,1379.0,BTC-USD,79.44000244140625,,
554,2014-03-17,143.27000427246094,15.640000343322754,20.34000015258789,,2014-03-17,1372.9000244140625,BTC-USD,79.38999938964844,,
555,2014-03-18,129.3699951171875,14.520000457763672,20.25,,2014-03-18,1359.0,BTC-USD,79.41000366210938,,
556,2014-03-19,129.3699951171875,15.119999885559082,19.8799991607666,,2014-03-19,1341.4000244140625,BTC-USD,79.98999786376953,,
557,2014-03-20,134.02000427246094,14.520000457763672,19.690000534057617,,2014-03-20,1330.5,BTC-USD,80.20999908447266,,
558,2014-03-21,132.82000732421875,15.0,19.459999084472656,,2014-03-21,1336.0,BTC-USD,80.11000061035156,,
559,2014-03-24,132.6999969482422,15.09000015258789,19.520000457763672,,2014-03-24,1311.199951171875,BTC-USD,79.93000030517578,,
560,2014-03-25,121.80999755859375,14.020000457763672,19.190000534057617,,2014-03-25,1311.4000244140625,BTC-USD,79.94000244140625,,
561,2014-03-26,119.05000305175781,14.930000305175781,19.170000076293945,,2014-03-26,1303.4000244140625,BTC-USD,79.9800033569336,,
562,2014-03-27,117.95999908447266,14.619999885559082,19.280000686645508,,2014-03-27,1294.699951171875,BTC-USD,80.11000061035156,,
563,2014-03-28,124.9800033569336,14.40999984741211,19.149999618530273,,2014-03-28,1293.800048828125,BTC-USD,80.18000030517578,,
564,2014-03-31,123.25,13.880000114440918,19.260000228881836,,2014-03-31,1283.4000244140625,BTC-USD,80.0999984741211,,
565,2014-04-01,128.0800018310547,13.100000381469727,19.610000610351562,,2014-04-01,1279.5999755859375,BTC-USD,80.08000183105469,,
566,2014-04-02,127.30000305175781,13.09000015258789,19.790000915527344,,2014-04-02,1290.5,BTC-USD,80.22000122070312,,
567,2014-04-03,128.1300048828125,13.369999885559082,18.450000762939453,,2014-04-03,1284.4000244140625,BTC-USD,80.47000122070312,,
568,2014-04-04,126.61000061035156,13.960000038146973,18.280000686645508,,2014-04-04,1303.199951171875,BTC-USD,80.41999816894531,,
569,2014-04-07,123.91999816894531,15.569999694824219,18.639999389648438,,2014-04-07,1298.0,BTC-USD,80.22000122070312,,
570,2014-04-08,124.33999633789062,14.890000343322754,18.889999389648438,,2014-04-08,1308.699951171875,BTC-USD,79.75,,
571,2014-04-09,130.7899932861328,13.819999694824219,18.549999237060547,,2014-04-09,1305.5,BTC-USD,79.4800033569336,,
572,2014-04-10,125.11000061035156,15.890000343322754,18.719999313354492,,2014-04-10,1320.0999755859375,BTC-USD,79.37999725341797,,
573,2014-04-11,122.58999633789062,17.030000686645508,18.389999389648438,,2014-04-11,1318.699951171875,BTC-USD,79.44999694824219,,
574,2014-04-14,122.58999633789062,16.110000610351562,18.709999084472656,,2014-04-14,1327.199951171875,BTC-USD,79.7300033569336,,
575,2014-04-15,129.24000549316406,15.609999656677246,18.709999084472656,,2014-04-15,1300.0,BTC-USD,79.80000305175781,,
576,2014-04-16,125.43000030517578,14.180000305175781,18.899999618530273,,2014-04-16,1303.0999755859375,BTC-USD,79.81999969482422,,
577,2014-04-17,127.93000030517578,13.359999656677246,18.93000030517578,,2014-04-17,1293.4000244140625,BTC-USD,79.83000183105469,,
578,2014-04-21,119.11000061035156,13.25,18.280000686645508,,2014-04-21,1288.0,BTC-USD,79.94999694824219,,
579,2014-04-22,126.51000213623047,13.1899995803833,18.809999465942383,,2014-04-22,1280.5999755859375,BTC-USD,79.91000366210938,,
580,2014-04-23,126.11000061035156,13.270000457763672,18.459999084472656,,2014-04-23,1284.199951171875,BTC-USD,79.86000061035156,,
581,2014-04-24,126.11000061035156,13.319999694824219,18.360000610351562,,2014-04-24,1290.5,BTC-USD,79.80000305175781,,
582,2014-04-25,121.94999694824219,14.0600004196167,18.8799991607666,,2014-04-25,1300.699951171875,BTC-USD,79.7699966430664,,
583,2014-04-28,123.69000244140625,13.970000267028809,19.139999389648438,,2014-04-28,1298.9000244140625,BTC-USD,79.68000030517578,,
584,2014-04-29,123.44000244140625,13.710000038146973,19.190000534057617,,2014-04-29,1296.0,BTC-USD,79.80999755859375,,
585,2014-04-30,124.52999877929688,13.40999984741211,19.3700008392334,,2014-04-30,1295.5999755859375,BTC-USD,79.48999786376953,,
586,2014-05-01,124.9000015258789,13.25,18.440000534057617,,2014-05-01,1283.0999755859375,BTC-USD,79.52999877929688,,
587,2014-05-02,124.12999725341797,12.90999984741211,17.799999237060547,,2014-05-02,1302.5999755859375,BTC-USD,79.5199966430664,,
588,2014-05-05,123.55999755859375,13.289999961853027,18.549999237060547,,2014-05-05,1309.0,BTC-USD,79.48999786376953,,
589,2014-05-06,121.18000030517578,13.800000190734863,17.959999084472656,,2014-05-06,1308.300048828125,BTC-USD,79.13999938964844,,
590,2014-05-07,123.2699966430664,13.399999618530273,17.709999084472656,,2014-05-07,1288.5999755859375,BTC-USD,79.22000122070312,,
591,2014-05-08,123.93000030517578,13.430000305175781,17.489999771118164,,2014-05-08,1287.4000244140625,BTC-USD,79.43000030517578,,
592,2014-05-09,125.5999984741211,12.920000076293945,17.0,,2014-05-09,1287.300048828125,BTC-USD,79.9000015258789,,
593,2014-05-12,125.27999877929688,12.229999542236328,16.649999618530273,,2014-05-12,1295.5999755859375,BTC-USD,79.9000015258789,,
594,2014-05-13,124.30000305175781,12.130000114440918,16.860000610351562,,2014-05-13,1294.5999755859375,BTC-USD,80.13999938964844,,
595,2014-05-14,122.75,12.170000076293945,16.719999313354492,,2014-05-14,1305.699951171875,BTC-USD,80.06999969482422,,
596,2014-05-15,123.5999984741211,13.170000076293945,15.9399995803833,,2014-05-15,1293.5,BTC-USD,80.0,,
597,2014-05-16,127.2300033569336,12.4399995803833,15.420000076293945,,2014-05-16,1293.300048828125,BTC-USD,80.04000091552734,,
598,2014-05-19,128.17999267578125,12.420000076293945,15.899999618530273,,2014-05-19,1293.699951171875,BTC-USD,79.98999786376953,,
599,2014-05-20,127.47000122070312,12.960000038146973,16.200000762939453,,2014-05-20,1294.5,BTC-USD,80.04000091552734,,
600,2014-05-21,123.88999938964844,11.90999984741211,16.3799991607666,,2014-05-21,1288.0,BTC-USD,80.0999984741211,,
601,2014-05-22,123.68000030517578,12.029999732971191,16.049999237060547,,2014-05-22,1294.9000244140625,BTC-USD,80.25,,
602,2014-05-23,125.12999725341797,11.359999656677246,15.890000343322754,,2014-05-23,1291.5999755859375,BTC-USD,80.38999938964844,,
603,2014-05-27,123.63999938964844,11.510000228881836,16.100000381469727,,2014-05-27,1265.4000244140625,BTC-USD,80.3499984741211,,
604,2014-05-28,124.18000030517578,11.680000305175781,16.020000457763672,,2014-05-28,1259.300048828125,BTC-USD,80.56999969482422,,
605,2014-05-29,125.80999755859375,11.569999694824219,15.550000190734863,,2014-05-29,1256.300048828125,BTC-USD,80.48999786376953,,
606,2014-05-30,124.2300033569336,11.399999618530273,15.609999656677246,,2014-05-30,1245.5999755859375,BTC-USD,80.37000274658203,,
607,2014-06-02,123.33000183105469,11.579999923706055,15.520000457763672,,2014-06-02,1243.699951171875,BTC-USD,80.63999938964844,,
608,2014-06-03,121.79000091552734,11.869999885559082,15.529999732971191,,2014-06-03,1244.300048828125,BTC-USD,80.55000305175781,,
609,2014-06-04,121.4800033569336,12.079999923706055,15.40999984741211,,2014-06-04,1244.0,BTC-USD,80.66999816894531,,
610,2014-06-05,122.20999908447266,11.680000305175781,15.140000343322754,,2014-06-05,1253.0,BTC-USD,80.37000274658203,,
611,2014-06-06,122.87999725341797,10.729999542236328,14.5,,2014-06-06,1252.0999755859375,BTC-USD,80.41000366210938,,
612,2014-06-09,124.66999816894531,11.149999618530273,14.670000076293945,,2014-06-09,1253.5,BTC-USD,80.6500015258789,,
613,2014-06-10,125.37999725341797,10.989999771118164,14.739999771118164,,2014-06-10,1259.800048828125,BTC-USD,80.81999969482422,,
614,2014-06-11,126.70999908447266,11.600000381469727,14.670000076293945,,2014-06-11,1260.800048828125,BTC-USD,80.79000091552734,,
615,2014-06-12,127.81999969482422,12.5600004196167,19.170000076293945,,2014-06-12,1273.5999755859375,BTC-USD,80.58000183105469,,
616,2014-06-13,127.77999877929688,12.180000305175781,19.469999313354492,,2014-06-13,1273.699951171875,BTC-USD,80.58000183105469,,
617,2014-06-16,127.66999816894531,12.649999618530273,19.520000457763672,,2014-06-16,1274.9000244140625,BTC-USD,80.47000122070312,,
618,2014-06-17,130.17999267578125,12.0600004196167,17.399999618530273,,2014-06-17,1271.699951171875,BTC-USD,80.62999725341797,,
619,2014-06-18,129.52999877929688,10.609999656677246,17.280000686645508,,2014-06-18,1272.4000244140625,BTC-USD,80.58000183105469,,
620,2014-06-19,138.61000061035156,10.619999885559082,18.049999237060547,,2014-06-19,1313.699951171875,BTC-USD,80.31999969482422,,
621,2014-06-20,143.25999450683594,10.850000381469727,18.84000015258789,,2014-06-20,1316.199951171875,BTC-USD,80.37000274658203,,
622,2014-06-23,139.41000366210938,10.979999542236328,18.049999237060547,,2014-06-23,1318.0,BTC-USD,80.26000213623047,,
623,2014-06-24,134.64999389648438,12.130000114440918,17.93000030517578,,2014-06-24,1320.9000244140625,BTC-USD,80.33000183105469,,
624,2014-06-25,131.82000732421875,11.59000015258789,17.700000762939453,,2014-06-25,1322.199951171875,BTC-USD,80.22000122070312,,
625,2014-06-26,132.80999755859375,11.630000114440918,16.969999313354492,,2014-06-26,1316.0999755859375,BTC-USD,80.2300033569336,,
626,2014-06-27,135.36000061035156,11.260000228881836,16.440000534057617,,2014-06-27,1319.0,BTC-USD,80.04000091552734,,
627,2014-06-30,139.35000610351562,11.569999694824219,16.520000457763672,,2014-06-30,1321.800048828125,BTC-USD,79.77999877929688,,
628,2014-07-01,139.36000061035156,11.149999618530273,16.239999771118164,,2014-07-01,1326.4000244140625,BTC-USD,79.81999969482422,,
629,2014-07-02,140.3699951171875,10.819999694824219,15.869999885559082,,2014-07-02,1330.699951171875,BTC-USD,79.95999908447266,,
630,2014-07-03,142.27999877929688,10.319999694824219,15.59000015258789,,2014-07-03,1320.4000244140625,BTC-USD,80.20999908447266,,
631,2014-07-07,137.75999450683594,11.329999923706055,16.360000610351562,,2014-07-07,1316.5,BTC-USD,80.22000122070312,,
632,2014-07-08,134.1999969482422,11.979999542236328,16.309999465942383,,2014-07-08,1316.0,BTC-USD,80.18000030517578,,
633,2014-07-09,135.8000030517578,11.649999618530273,16.360000610351562,,2014-07-09,1323.800048828125,BTC-USD,79.98999786376953,,
634,2014-07-10,134.42999267578125,12.59000015258789,16.459999084472656,,2014-07-10,1338.699951171875,BTC-USD,80.12999725341797,,
635,2014-07-11,138.74000549316406,12.079999923706055,17.260000228881836,,2014-07-11,1337.0,BTC-USD,80.19000244140625,,
636,2014-07-14,139.94000244140625,11.819999694824219,18.100000381469727,,2014-07-14,1306.300048828125,BTC-USD,80.19000244140625,,
637,2014-07-15,136.9199981689453,11.960000038146973,17.959999084472656,,2014-07-15,1296.9000244140625,BTC-USD,80.38999938964844,,
638,2014-07-16,134.86000061035156,11.0,16.8799991607666,,2014-07-16,1299.5999755859375,BTC-USD,80.55999755859375,,
639,2014-07-17,131.64999389648438,14.539999961853027,17.8700008392334,,2014-07-17,1316.699951171875,BTC-USD,80.5199966430664,,
640,2014-07-18,141.19000244140625,12.0600004196167,17.389999389648438,,2014-07-18,1309.199951171875,BTC-USD,80.5199966430664,,
641,2014-07-21,138.75,12.8100004196167,16.969999313354492,,2014-07-21,1313.699951171875,BTC-USD,80.55999755859375,,
642,2014-07-22,136.3699951171875,12.239999771118164,17.100000381469727,,2014-07-22,1306.0999755859375,BTC-USD,80.77999877929688,,
643,2014-07-23,132.5500030517578,11.520000457763672,16.729999542236328,,2014-07-23,1304.5,BTC-USD,80.80999755859375,,
644,2014-07-24,133.8000030517578,11.84000015258789,15.949999809265137,,2014-07-24,1290.5999755859375,BTC-USD,80.87000274658203,,
645,2014-07-25,135.25999450683594,12.6899995803833,16.670000076293945,,2014-07-25,1303.0999755859375,BTC-USD,81.02999877929688,,
646,2014-07-28,135.02000427246094,12.5600004196167,16.3700008392334,,2014-07-28,1303.300048828125,BTC-USD,81.02999877929688,,
647,2014-07-29,132.35000610351562,13.279999732971191,16.790000915527344,,2014-07-29,1298.300048828125,BTC-USD,81.20999908447266,,
648,2014-07-30,130.5399932861328,13.329999923706055,17.110000610351562,,2014-07-30,1294.9000244140625,BTC-USD,81.41999816894531,,
649,2014-07-31,128.7100067138672,16.950000762939453,18.780000686645508,,2014-07-31,1281.300048828125,BTC-USD,81.45999908447266,,
650,2014-08-01,128.92999267578125,17.030000686645508,19.389999389648438,,2014-08-01,1293.5999755859375,BTC-USD,81.30000305175781,,
651,2014-08-04,126.86000061035156,15.119999885559082,18.920000076293945,,2014-08-04,1287.699951171875,BTC-USD,81.33000183105469,,
652,2014-08-05,126.86000061035156,16.8700008392334,19.100000381469727,,2014-08-05,1284.0,BTC-USD,81.5199966430664,,
653,2014-08-06,124.41000366210938,16.3700008392334,18.809999465942383,,2014-08-06,1306.699951171875,BTC-USD,81.44000244140625,,
654,2014-08-07,124.68000030517578,16.65999984741211,18.850000381469727,,2014-08-07,1310.800048828125,BTC-USD,81.5199966430664,,
655,2014-08-08,120.36000061035156,15.770000457763672,18.8799991607666,,2014-08-08,1308.9000244140625,BTC-USD,81.38999938964844,,
656,2014-08-11,124.23999786376953,14.229999542236328,17.540000915527344,,2014-08-11,1308.5,BTC-USD,81.47000122070312,,
657,2014-08-12,123.69000244140625,14.130000114440918,17.549999237060547,,2014-08-12,1308.800048828125,BTC-USD,81.5,,
658,2014-08-13,126.93000030517578,12.899999618530273,17.190000534057617,,2014-08-13,1312.800048828125,BTC-USD,81.5999984741211,,
659,2014-08-14,132.4600067138672,12.420000076293945,17.860000610351562,,2014-08-14,1313.9000244140625,BTC-USD,81.58999633789062,,
660,2014-08-15,135.42999267578125,13.149999618530273,18.59000015258789,,2014-08-15,1304.5,BTC-USD,81.41999816894531,,
661,2014-08-18,138.4600067138672,12.319999694824219,19.520000457763672,,2014-08-18,1297.699951171875,BTC-USD,81.58000183105469,,
662,2014-08-19,138.69000244140625,12.210000038146973,19.3799991607666,,2014-08-19,1295.0999755859375,BTC-USD,81.87999725341797,,
663,2014-08-20,135.4600067138672,11.779999732971191,17.959999084472656,,2014-08-20,1293.4000244140625,BTC-USD,82.25,,
664,2014-08-21,135.75,11.760000228881836,17.25,,2014-08-21,1273.699951171875,BTC-USD,82.1500015258789,,
665,2014-08-22,135.10000610351562,11.470000267028809,16.510000228881836,,2014-08-22,1278.5999755859375,BTC-USD,82.33999633789062,,
666,2014-08-25,135.4199981689453,11.699999809265137,16.920000076293945,,2014-08-25,1277.300048828125,BTC-USD,82.55000305175781,,
667,2014-08-26,133.5399932861328,11.630000114440918,16.68000030517578,,2014-08-26,1283.800048828125,BTC-USD,82.6500015258789,,
668,2014-08-27,135.41000366210938,11.779999732971191,16.469999313354492,,2014-08-27,1281.9000244140625,BTC-USD,82.43000030517578,,
669,2014-08-28,137.9499969482422,12.050000190734863,16.520000457763672,,2014-08-28,1288.699951171875,BTC-USD,82.4800033569336,,
670,2014-08-29,127.01000213623047,12.09000015258789,16.68000030517578,,2014-08-29,1285.800048828125,BTC-USD,82.75,,
671,2014-09-02,131.72000122070312,12.25,18.34000015258789,,2014-09-02,1263.699951171875,BTC-USD,82.98999786376953,,
672,2014-09-03,131.5500030517578,12.359999656677246,18.489999771118164,,2014-09-03,1268.9000244140625,BTC-USD,82.87000274658203,,
673,2014-09-04,130.14999389648438,12.640000343322754,18.950000762939453,,2014-09-04,1265.0999755859375,BTC-USD,83.81999969482422,,
674,2014-09-05,137.49000549316406,12.09000015258789,18.520000457763672,,2014-09-05,1265.800048828125,BTC-USD,83.76000213623047,,
675,2014-09-08,132.91000366210938,12.65999984741211,20.43000030517578,,2014-09-08,1252.699951171875,BTC-USD,84.2300033569336,,
676,2014-09-09,136.8800048828125,13.5,19.68000030517578,,2014-09-09,1246.800048828125,BTC-USD,84.27999877929688,,
677,2014-09-10,130.52999877929688,12.880000114440918,20.489999771118164,,2014-09-10,1243.5,BTC-USD,84.25,,
678,2014-09-11,132.72000122070312,12.800000190734863,20.6299991607666,,2014-09-11,1237.4000244140625,BTC-USD,84.30000305175781,,
679,2014-09-12,127.37000274658203,13.3100004196167,19.530000686645508,,2014-09-12,1229.9000244140625,BTC-USD,84.23999786376953,,
680,2014-09-15,127.08999633789062,14.119999885559082,20.170000076293945,,2014-09-15,1233.5999755859375,BTC-USD,84.26000213623047,,
681,2014-09-16,126.80999755859375,12.729999542236328,18.93000030517578,,2014-09-16,1235.199951171875,BTC-USD,84.06999969482422,,
682,2014-09-17,138.1300048828125,12.649999618530273,19.18000030517578,,2014-09-17,1234.4000244140625,457.3340148925781,84.69999694824219,,
683,2014-09-18,142.10000610351562,12.029999732971191,18.979999542236328,,2014-09-18,1225.699951171875,424.44000244140625,84.31999969482422,,
684,2014-09-19,146.0800018310547,12.109999656677246,18.559999465942383,,2014-09-19,1215.300048828125,394.7959899902344,84.80000305175781,,
685,2014-09-22,139.85000610351562,13.6899995803833,19.979999542236328,,2014-09-20,1215.300048828125,408.90399169921875,84.80000305175781,,
686,2014-09-23,132.4600067138672,14.930000305175781,20.729999542236328,,2014-09-21,1215.300048828125,398.8210144042969,84.80000305175781,,
687,2014-09-24,126.9000015258789,13.270000457763672,19.799999237060547,,2014-09-22,1216.800048828125,402.1520080566406,84.66999816894531,,
688,2014-09-25,132.24000549316406,15.640000343322754,20.06999969482422,,2014-09-23,1221.0,435.7909851074219,84.66000366210938,,
689,2014-09-26,130.49000549316406,14.850000381469727,19.420000076293945,,2014-09-24,1218.5999755859375,423.2049865722656,85.05000305175781,,
690,2014-09-29,131.6699981689453,15.979999542236328,19.860000610351562,,2014-09-25,1221.199951171875,411.5740051269531,85.19999694824219,,
691,2014-09-30,127.7300033569336,16.309999465942383,21.520000457763672,,2014-09-26,1214.0999755859375,404.42498779296875,85.63999938964844,,
692,2014-10-01,123.16999816894531,16.709999084472656,22.3799991607666,,2014-09-27,1214.0999755859375,399.5199890136719,85.63999938964844,,
693,2014-10-02,125.3499984741211,16.15999984741211,23.360000610351562,,2014-09-28,1214.0999755859375,377.1809997558594,85.63999938964844,,
694,2014-10-03,122.52999877929688,14.550000190734863,24.219999313354492,,2014-09-29,1217.5,375.4670104980469,85.58999633789062,,
695,2014-10-06,126.95999908447266,15.460000038146973,24.6200008392334,,2014-09-30,1210.5,386.9440002441406,85.94000244140625,,
696,2014-10-07,120.8499984741211,17.200000762939453,25.09000015258789,,2014-10-01,1214.5999755859375,383.614990234375,85.97000122070312,,
697,2014-10-08,128.0800018310547,15.109999656677246,25.280000686645508,,2014-10-02,1214.199951171875,375.0719909667969,85.5999984741211,,
698,2014-10-09,123.58000183105469,18.760000228881836,27.719999313354492,,2014-10-03,1192.199951171875,359.5119934082031,86.69000244140625,,
699,2014-10-10,130.82000732421875,21.239999771118164,30.030000686645508,,2014-10-04,1192.199951171875,328.8659973144531,86.69000244140625,,
700,2014-10-13,130.36000061035156,24.639999389648438,31.31999969482422,,2014-10-05,1192.199951171875,320.510009765625,86.69000244140625,,
701,2014-10-14,127.77999877929688,22.790000915527344,37.22999954223633,,2014-10-06,1206.699951171875,330.0790100097656,85.70999908447266,,
702,2014-10-15,111.30999755859375,25.270000457763672,36.36000061035156,,2014-10-07,1211.699951171875,336.18701171875,85.66999816894531,,
703,2014-10-16,127.97000122070312,25.200000762939453,34.09000015258789,,2014-10-08,1205.300048828125,352.94000244140625,85.30000305175781,,
704,2014-10-17,131.7100067138672,21.989999771118164,31.15999984741211,,2014-10-09,1224.5999755859375,365.0260009765625,85.5199966430664,,
705,2014-10-20,120.62000274658203,18.56999969482422,29.360000610351562,,2014-10-10,1221.0,361.56201171875,85.91000366210938,,
706,2014-10-21,129.17999267578125,16.079999923706055,27.139999389648438,,2014-10-11,1221.0,362.29901123046875,85.91000366210938,,
707,2014-10-22,127.04000091552734,17.8700008392334,30.68000030517578,,2014-10-12,1221.0,378.54901123046875,85.91000366210938,,
708,2014-10-23,128.77000427246094,16.530000686645508,31.780000686645508,,2014-10-13,1229.300048828125,390.41400146484375,85.43000030517578,,
709,2014-10-24,125.56999969482422,16.110000610351562,31.270000457763672,,2014-10-14,1233.5999755859375,400.8699951171875,85.81999969482422,,
710,2014-10-27,123.7699966430664,16.040000915527344,32.439998626708984,,2014-10-15,1244.0999755859375,394.77301025390625,85.1500015258789,,
711,2014-10-28,127.55999755859375,14.390000343322754,30.110000610351562,,2014-10-16,1240.5,382.5559997558594,85.0,,
712,2014-10-29,124.18000030517578,15.149999618530273,28.93000030517578,,2014-10-17,1238.300048828125,383.75799560546875,85.19000244140625,,
713,2014-10-30,121.0199966430664,14.520000457763672,30.450000762939453,,2014-10-18,1238.300048828125,391.4419860839844,85.19000244140625,,
714,2014-10-31,124.75,14.029999732971191,30.520000457763672,,2014-10-19,1238.300048828125,389.5459899902344,85.19000244140625,,
715,2014-11-03,124.63999938964844,14.729999542236328,31.84000015258789,,2014-10-20,1244.0,382.8450012207031,84.94999694824219,,
716,2014-11-04,124.19000244140625,14.890000343322754,33.130001068115234,,2014-10-21,1251.0,386.4750061035156,85.30999755859375,,
717,2014-11-05,125.66000366210938,14.170000076293945,31.389999389648438,,2014-10-22,1244.800048828125,383.1579895019531,85.73999786376953,,
718,2014-11-06,124.93000030517578,13.670000076293945,30.34000015258789,,2014-10-23,1228.5,358.4169921875,85.83999633789062,,
719,2014-11-07,127.08000183105469,13.119999885559082,29.469999313354492,,2014-10-24,1231.199951171875,358.3450012207031,85.7300033569336,,
720,2014-11-10,130.50999450683594,12.670000076293945,30.719999313354492,,2014-10-25,1231.199951171875,347.27099609375,85.7300033569336,,
721,2014-11-11,127.11000061035156,12.920000076293945,30.790000915527344,,2014-10-26,1231.199951171875,354.7040100097656,85.7300033569336,,
722,2014-11-12,125.70999908447266,13.020000457763672,30.709999084472656,,2014-10-27,1229.0999755859375,352.989013671875,85.5,,
723,2014-11-13,128.9600067138672,13.789999961853027,33.119998931884766,,2014-10-28,1229.199951171875,357.6180114746094,85.41000366210938,,
724,2014-11-14,128.67999267578125,13.3100004196167,32.9900016784668,,2014-10-29,1224.300048828125,335.59100341796875,85.94999694824219,,
725,2014-11-17,123.69000244140625,13.989999771118164,34.38999938964844,,2014-10-30,1198.0999755859375,345.30499267578125,86.1500015258789,,
726,2014-11-18,132.02999877929688,13.859999656677246,33.16999816894531,,2014-10-31,1171.0999755859375,338.3210144042969,86.87999725341797,,
727,2014-11-19,124.66000366210938,13.960000038146973,33.13999938964844,,2014-11-01,1171.0999755859375,325.7489929199219,86.87999725341797,,
728,2014-11-20,136.35000610351562,13.579999923706055,33.63999938964844,,2014-11-02,1171.0999755859375,325.8919982910156,86.87999725341797,,
729,2014-11-21,138.4600067138672,12.899999618530273,34.91999816894531,,2014-11-03,1169.4000244140625,327.5539855957031,87.30999755859375,,
730,2014-11-24,140.17999267578125,12.619999885559082,36.279998779296875,,2014-11-04,1167.4000244140625,330.49200439453125,86.9800033569336,,
731,2014-11-25,126.2699966430664,12.25,37.4900016784668,,2014-11-05,1145.4000244140625,339.4859924316406,87.44000244140625,,
732,2014-11-26,139.86000061035156,12.069999694824219,36.02000045776367,,2014-11-06,1142.300048828125,349.2900085449219,88.01000213623047,,
733,2014-11-28,131.88999938964844,13.329999923706055,36.439998626708984,,2014-11-07,1169.5999755859375,342.4150085449219,87.63999938964844,,
734,2014-12-01,127.94999694824219,14.15999984741211,37.4900016784668,,2014-11-08,1169.5999755859375,345.4880065917969,87.63999938964844,,
735,2014-12-02,121.63999938964844,12.850000381469727,38.56999969482422,,2014-11-09,1169.5999755859375,363.2640075683594,87.63999938964844,,
736,2014-12-03,134.44000244140625,12.5,36.15999984741211,,2014-11-10,1159.5999755859375,366.92401123046875,87.80999755859375,,
737,2014-12-04,128.72999572753906,12.380000114440918,35.38999938964844,,2014-11-11,1162.800048828125,367.69500732421875,87.52999877929688,,
738,2014-12-05,131.41000366210938,11.890000343322754,34.20000076293945,,2014-11-12,1158.9000244140625,423.5610046386719,87.81999969482422,,
739,2014-12-08,137.6199951171875,14.210000038146973,39.68000030517578,,2014-11-13,1161.0999755859375,420.7349853515625,87.66999816894531,,
740,2014-12-09,136.69000244140625,15.350000381469727,38.529998779296875,,2014-11-14,1185.0,397.8179931640625,87.52999877929688,,
741,2014-12-10,130.8800048828125,18.530000686645508,42.209999084472656,,2014-11-15,1185.0,376.13299560546875,87.52999877929688,,
742,2014-12-11,130.72999572753906,20.079999923706055,44.95000076293945,,2014-11-16,1185.0,387.8819885253906,87.52999877929688,,
743,2014-12-12,131.47000122070312,21.079999923706055,49.77000045776367,,2014-11-17,1183.0,387.4079895019531,87.93000030517578,,
744,2014-12-15,135.1199951171875,20.420000076293945,57.54999923706055,,2014-11-18,1196.699951171875,375.197998046875,87.58000183105469,,
745,2014-12-16,131.2100067138672,23.56999969482422,55.77000045776367,,2014-11-19,1193.5999755859375,380.55499267578125,87.6500015258789,,
746,2014-12-17,125.4800033569336,19.440000534057617,56.75,,2014-11-20,1190.699951171875,357.8399963378906,87.58999633789062,,
747,2014-12-18,126.23999786376953,16.809999465942383,57.45000076293945,,2014-11-21,1197.5,350.8479919433594,88.30999755859375,,
748,2014-12-19,138.6300048828125,16.489999771118164,54.84000015258789,,2014-11-22,1197.5,352.9200134277344,88.30999755859375,,
749,2014-12-22,136.61000061035156,15.25,54.81999969482422,,2014-11-23,1197.5,367.572998046875,88.30999755859375,,
750,2014-12-23,136.92999267578125,14.800000190734863,53.970001220703125,,2014-11-24,1195.5,376.9010009765625,88.1500015258789,,
751,2014-12-24,135.64999389648438,14.369999885559082,54.880001068115234,,2014-11-25,1197.0999755859375,375.3479919433594,87.91999816894531,,
752,2014-12-26,135.02999877929688,14.5,54.68000030517578,,2014-11-26,1196.5999755859375,368.3699951171875,87.61000061035156,,
753,2014-12-29,127.5999984741211,15.0600004196167,53.630001068115234,,2014-11-27,1196.5999755859375,369.6700134277344,87.61000061035156,,
754,2014-12-30,136.38999938964844,15.920000076293945,51.16999816894531,,2014-11-28,1175.199951171875,376.4469909667969,88.36000061035156,,
755,2014-12-31,133.83999633789062,19.200000762939453,50.2400016784668,,2014-11-29,1175.199951171875,375.4909973144531,88.36000061035156,,
756,2015-01-02,128.66000366210938,17.790000915527344,54.25,,2014-11-30,1175.199951171875,378.0469970703125,88.36000061035156,,
757,2015-01-05,127.79000091552734,19.920000076293945,57.66999816894531,,2014-12-01,1218.0,379.2449951171875,87.94999694824219,,
758,2015-01-06,125.2699966430664,21.1200008392334,56.45000076293945,,2014-12-02,1199.199951171875,381.31500244140625,88.6500015258789,,
759,2015-01-07,123.55999755859375,19.309999465942383,53.25,,2014-12-03,1208.5,375.010009765625,88.95999908447266,,
760,2015-01-08,124.7699966430664,17.010000228881836,50.959999084472656,,2014-12-04,1207.5,369.60400390625,88.69999694824219,,
761,2015-01-09,121.69000244140625,17.549999237060547,50.06999969482422,,2014-12-05,1190.0999755859375,376.85400390625,89.33000183105469,,
762,2015-01-12,121.08999633789062,19.600000381469727,53.130001068115234,,2014-12-06,1190.0999755859375,374.7850036621094,89.33000183105469,,
763,2015-01-13,122.19999694824219,20.559999465942383,53.779998779296875,,2014-12-07,1190.0999755859375,375.0950012207031,89.33000183105469,,
764,2015-01-14,132.66000366210938,21.479999542236328,53.16999816894531,,2014-12-08,1194.699951171875,361.90899658203125,89.04000091552734,,
765,2015-01-15,120.7699966430664,22.389999389648438,57.77000045776367,,2014-12-09,1231.5,352.218994140625,88.69000244140625,,
766,2015-01-16,131.38999938964844,20.950000762939453,56.439998626708984,,2014-12-10,1228.9000244140625,346.364990234375,88.2699966430664,,
767,2015-01-20,123.62999725341797,19.889999389648438,57.9900016784668,,2014-12-11,1225.0999755859375,350.5060119628906,88.66000366210938,,
768,2015-01-21,134.3000030517578,18.850000381469727,55.09000015258789,,2014-12-12,1222.0,352.5419921875,88.36000061035156,,
769,2015-01-22,139.1300048828125,16.399999618530273,56.400001525878906,,2014-12-13,1222.0,347.3760070800781,88.36000061035156,,
770,2015-01-23,132.08999633789062,16.65999984741211,57.619998931884766,,2014-12-14,1222.0,351.6319885253906,88.36000061035156,,
771,2015-01-26,135.02000427246094,15.520000457763672,56.650001525878906,,2014-12-15,1207.199951171875,345.3450012207031,88.45999908447266,,
772,2015-01-27,128.42999267578125,17.219999313354492,54.22999954223633,,2014-12-16,1193.9000244140625,327.06201171875,88.12999725341797,,
773,2015-01-28,123.76000213623047,20.440000534057617,55.18000030517578,,2014-12-17,1194.300048828125,319.7760009765625,89.12999725341797,,
774,2015-01-29,130.4499969482422,18.760000228881836,54.689998626708984,,2014-12-18,1194.699951171875,311.39599609375,89.23999786376953,,
775,2015-01-30,125.36000061035156,20.969999313354492,58.619998931884766,,2014-12-19,1195.9000244140625,317.8429870605469,89.5999984741211,,
776,2015-02-02,129.97999572753906,19.43000030517578,57.84000015258789,,2014-12-20,1195.9000244140625,329.95599365234375,89.5999984741211,,
777,2015-02-03,129.77999877929688,17.329999923706055,59.68000030517578,,2014-12-21,1195.9000244140625,320.8429870605469,89.5999984741211,,
778,2015-02-04,126.19999694824219,18.329999923706055,62.72999954223633,,2014-12-22,1179.699951171875,331.885986328125,89.7699966430664,,
779,2015-02-05,127.54000091552734,16.850000381469727,63.13999938964844,,2014-12-23,1177.9000244140625,334.5719909667969,90.05999755859375,,
780,2015-02-06,125.62000274658203,17.290000915527344,60.83000183105469,,2014-12-24,1173.5,322.53399658203125,89.97000122070312,,
781,2015-02-09,129.85000610351562,18.549999237060547,56.0,,2014-12-25,1173.5,319.00799560546875,89.97000122070312,,
782,2015-02-10,126.51000213623047,17.229999542236328,59.290000915527344,,2014-12-26,1195.300048828125,327.92401123046875,90.02999877929688,,
783,2015-02-11,128.38999938964844,16.959999084472656,60.22999954223633,,2014-12-27,1195.300048828125,315.8630065917969,90.02999877929688,,
784,2015-02-12,129.9499969482422,15.34000015258789,58.689998626708984,,2014-12-28,1195.300048828125,317.239013671875,90.02999877929688,,
785,2015-02-13,126.04000091552734,14.6899995803833,55.529998779296875,,2014-12-29,1181.699951171875,312.6700134277344,90.19000244140625,,
786,2015-02-17,127.41999816894531,15.800000190734863,56.33000183105469,,2014-12-30,1200.199951171875,310.73699951171875,89.98999786376953,,
787,2015-02-18,127.41999816894531,15.449999809265137,55.970001220703125,,2014-12-31,1183.9000244140625,320.1929931640625,90.2699966430664,,
788,2015-02-19,131.3000030517578,15.289999961853027,55.75,,2015-01-01,1183.9000244140625,314.2489929199219,90.2699966430664,,
789,2015-02-20,125.23999786376953,14.300000190734863,54.0,,2015-01-02,1186.0,315.0320129394531,91.08000183105469,,
790,2015-02-23,134.66000366210938,14.5600004196167,58.66999816894531,,2015-01-03,1186.0,281.0820007324219,91.08000183105469,,
791,2015-02-24,136.25999450683594,13.6899995803833,56.27000045776367,,2015-01-04,1186.0,264.19500732421875,91.08000183105469,,
792,2015-02-25,136.3300018310547,13.84000015258789,54.93000030517578,,2015-01-05,1203.9000244140625,274.4739990234375,91.37999725341797,,
793,2015-02-26,126.19999694824219,13.90999984741211,56.459999084472656,,2015-01-06,1219.300048828125,286.1889953613281,91.5,,
794,2015-02-27,126.4000015258789,13.34000015258789,55.849998474121094,,2015-01-07,1210.5999755859375,294.3370056152344,91.88999938964844,,
795,2015-03-02,126.01000213623047,13.039999961853027,54.91999816894531,,2015-01-08,1208.4000244140625,283.3489990234375,92.37000274658203,,
796,2015-03-03,123.08999633789062,13.859999656677246,53.04999923706055,,2015-01-09,1216.0,290.4079895019531,91.94000244140625,,
797,2015-03-04,127.88999938964844,14.229999542236328,48.91999816894531,,2015-01-10,1216.0,274.7959899902344,91.94000244140625,,
798,2015-03-05,127.26000213623047,14.039999961853027,47.09000015258789,,2015-01-11,1216.0,265.6600036621094,91.94000244140625,,
799,2015-03-06,124.6500015258789,15.199999809265137,48.959999084472656,,2015-01-12,1232.699951171875,267.7959899902344,91.9800033569336,,
800,2015-03-09,124.16000366210938,15.0600004196167,48.9900016784668,,2015-01-13,1234.300048828125,225.86099243164062,92.30999755859375,,
801,2015-03-10,123.52999877929688,16.690000534057617,50.91999816894531,,2015-01-14,1234.4000244140625,178.10299682617188,92.16000366210938,,
802,2015-03-11,123.72000122070312,16.8700008392334,49.16999816894531,,2015-01-15,1264.699951171875,209.843994140625,92.3499984741211,,
803,2015-03-12,121.52999877929688,15.420000076293945,49.59000015258789,,2015-01-16,1276.9000244140625,208.0970001220703,92.5199966430664,,
804,2015-03-13,120.5999984741211,16.0,54.560001373291016,,2015-01-17,1276.9000244140625,199.25999450683594,92.5199966430664,,
805,2015-03-16,122.83000183105469,15.609999656677246,56.93000030517578,,2015-01-18,1276.9000244140625,210.33900451660156,92.5199966430664,,
806,2015-03-17,125.44000244140625,15.65999984741211,59.849998474121094,,2015-01-19,1276.9000244140625,214.86099243164062,92.5199966430664,,
807,2015-03-18,128.50999450683594,13.970000267028809,53.650001525878906,,2015-01-20,1294.199951171875,211.31500244140625,93.05000305175781,,
808,2015-03-19,127.94999694824219,14.069999694824219,53.81999969482422,,2015-01-21,1293.699951171875,226.89700317382812,92.9000015258789,,
809,2015-03-20,131.08999633789062,13.020000457763672,50.84000015258789,,2015-01-22,1300.699951171875,233.406005859375,94.23999786376953,,
810,2015-03-23,127.12000274658203,13.40999984741211,49.31999969482422,,2015-01-23,1292.5999755859375,232.87899780273438,95.0,,
811,2015-03-24,126.81999969482422,13.619999885559082,47.939998626708984,,2015-01-24,1292.5999755859375,247.8470001220703,95.0,,
812,2015-03-25,122.95999908447266,15.4399995803833,47.029998779296875,,2015-01-25,1292.5999755859375,253.71800231933594,95.0,,
813,2015-03-26,122.86000061035156,15.800000190734863,49.58000183105469,,2015-01-26,1279.4000244140625,273.4729919433594,94.80000305175781,,
814,2015-03-27,121.80000305175781,15.069999694824219,52.84000015258789,,2015-01-27,1291.699951171875,263.4750061035156,94.0199966430664,,
815,2015-03-30,122.69000244140625,14.510000228881836,51.97999954223633,,2015-01-28,1285.9000244140625,233.9149932861328,94.47000122070312,,
816,2015-03-31,120.3499984741211,15.289999961853027,53.720001220703125,,2015-01-29,1254.5999755859375,233.51300048828125,94.77999877929688,,
817,2015-04-01,120.76000213623047,15.109999656677246,50.900001525878906,,2015-01-30,1278.5,226.4250030517578,94.80000305175781,,
818,2015-04-02,119.91999816894531,14.670000076293945,49.84000015258789,,2015-01-31,1278.5,217.46400451660156,94.80000305175781,,
819,2015-04-06,120.05000305175781,14.739999771118164,48.33000183105469,,2015-02-01,1278.5,226.9720001220703,94.80000305175781,,
820,2015-04-07,121.33999633789062,14.779999732971191,46.25,,2015-02-02,1276.199951171875,238.22900390625,94.5,,
821,2015-04-08,124.23999786376953,13.979999542236328,48.099998474121094,,2015-02-03,1259.699951171875,227.26800537109375,93.5999984741211,,
822,2015-04-09,125.87000274658203,13.09000015258789,46.650001525878906,,2015-02-04,1263.800048828125,226.85299682617188,93.98999786376953,,
823,2015-04-10,127.22000122070312,12.579999923706055,43.040000915527344,,2015-02-05,1262.0,217.11099243164062,94.69999694824219,,
824,2015-04-13,117.45999908447266,13.9399995803833,44.20000076293945,,2015-02-06,1233.9000244140625,222.26600646972656,94.69999694824219,,
825,2015-04-14,123.63999938964844,13.670000076293945,44.650001525878906,,2015-02-07,1233.9000244140625,227.75399780273438,94.69999694824219,,
826,2015-04-15,119.70999908447266,12.84000015258789,46.13999938964844,,2015-02-08,1233.9000244140625,223.41200256347656,94.69999694824219,,
827,2015-04-16,120.37000274658203,12.600000381469727,43.47999954223633,,2015-02-09,1240.800048828125,220.11000061035156,94.44999694824219,,
828,2015-04-17,122.23999786376953,13.890000343322754,42.0,,2015-02-10,1231.5999755859375,219.83900451660156,94.76000213623047,,
829,2015-04-20,124.16000366210938,13.300000190734863,42.060001373291016,,2015-02-11,1219.0,219.18499755859375,94.98999786376953,,
830,2015-04-21,122.7699966430664,13.25,41.040000915527344,,2015-02-12,1220.0999755859375,221.76400756835938,94.08999633789062,,
831,2015-04-22,124.06999969482422,12.710000038146973,39.0099983215332,,2015-02-13,1226.5,235.427001953125,94.19999694824219,,
832,2015-04-23,123.26000213623047,12.479999542236328,37.97999954223633,,2015-02-14,1226.5,257.3210144042969,94.19999694824219,,
833,2015-04-24,119.94999694824219,12.289999961853027,36.61000061035156,,2015-02-15,1226.5,234.8249969482422,94.19999694824219,,
834,2015-04-27,122.83999633789062,13.119999885559082,37.459999084472656,,2015-02-16,1226.5,233.84300231933594,94.19999694824219,,
835,2015-04-28,124.0199966430664,12.40999984741211,37.310001373291016,,2015-02-17,1208.0999755859375,243.61000061035156,94.05999755859375,,
836,2015-04-29,125.36000061035156,13.390000343322754,36.68000030517578,,2015-02-18,1199.699951171875,236.3260040283203,94.19999694824219,,
837,2015-04-30,115.95999908447266,14.550000190734863,36.279998779296875,,2015-02-19,1207.0999755859375,240.2830047607422,94.4000015258789,,
838,2015-05-01,122.37000274658203,12.699999809265137,35.619998931884766,,2015-02-20,1204.4000244140625,243.7790069580078,94.25,,
839,2015-05-04,121.68000030517578,12.850000381469727,36.20000076293945,,2015-02-21,1204.4000244140625,244.53399658203125,94.25,,
840,2015-05-05,122.22000122070312,14.3100004196167,36.2400016784668,,2015-02-22,1204.4000244140625,235.9770050048828,94.25,,
841,2015-05-06,119.73999786376953,15.149999618530273,36.880001068115234,,2015-02-23,1200.300048828125,238.89199829101562,94.56999969482422,,
842,2015-05-07,120.7300033569336,15.130000114440918,38.130001068115234,,2015-02-24,1196.9000244140625,238.73500061035156,94.48999786376953,,
843,2015-05-08,122.93000030517578,12.859999656677246,35.09000015258789,,2015-02-25,1201.0,237.47000122070312,94.20999908447266,,
844,2015-05-11,115.95999908447266,13.850000381469727,34.86000061035156,,2015-02-26,1209.5999755859375,236.42599487304688,95.29000091552734,,
845,2015-05-12,123.91999816894531,13.859999656677246,33.7400016784668,,2015-02-27,1212.5999755859375,253.8280029296875,95.25,,
846,2015-05-13,126.04000091552734,13.760000228881836,34.33000183105469,,2015-02-28,1212.5999755859375,254.26300048828125,95.25,,
847,2015-05-14,127.62999725341797,12.739999771118164,32.630001068115234,,2015-03-01,1212.5999755859375,260.2019958496094,95.25,,
848,2015-05-15,127.55999755859375,12.380000114440918,29.950000762939453,,2015-03-02,1207.699951171875,275.6700134277344,95.45999908447266,,
849,2015-05-18,126.91000366210938,12.729999542236328,30.6299991607666,,2015-03-03,1204.0,281.7019958496094,95.37999725341797,,
850,2015-05-19,126.27999877929688,12.850000381469727,34.81999969482422,,2015-03-04,1200.5999755859375,273.0920104980469,95.97000122070312,,
851,2015-05-20,125.01000213623047,12.880000114440918,33.70000076293945,,2015-03-05,1195.9000244140625,276.1780090332031,96.37999725341797,,
852,2015-05-21,121.11000061035156,12.109999656677246,31.610000610351562,,2015-03-06,1164.0999755859375,272.7229919433594,97.62000274658203,,
853,2015-05-22,124.86000061035156,12.130000114440918,31.290000915527344,,2015-03-07,1164.0999755859375,276.260986328125,97.62000274658203,,
854,2015-05-26,123.05999755859375,14.0600004196167,34.65999984741211,,2015-03-08,1164.0999755859375,274.35400390625,97.62000274658203,,
855,2015-05-27,123.5999984741211,13.270000457763672,35.290000915527344,,2015-03-09,1166.4000244140625,289.60699462890625,97.58999633789062,,
856,2015-05-28,125.37000274658203,13.3100004196167,34.20000076293945,,2015-03-10,1160.0999755859375,291.760009765625,98.62000274658203,,
857,2015-05-29,122.5,13.84000015258789,33.7400016784668,,2015-03-11,1150.699951171875,296.3789978027344,99.80000305175781,,
858,2015-06-01,122.43000030517578,13.970000267028809,35.29999923706055,,2015-03-12,1152.0999755859375,294.35400390625,99.1500015258789,,
859,2015-06-02,121.16999816894531,14.239999771118164,35.7400016784668,,2015-03-13,1152.5999755859375,285.3370056152344,100.33000183105469,,
860,2015-06-03,124.58999633789062,13.65999984741211,37.400001525878906,,2015-03-14,1152.5999755859375,281.885009765625,100.33000183105469,,
861,2015-06-04,121.9800033569336,14.710000038146973,38.41999816894531,,2015-03-15,1152.5999755859375,286.39300537109375,100.33000183105469,,
862,2015-06-05,119.62000274658203,14.210000038146973,33.540000915527344,,2015-03-16,1153.300048828125,290.5929870605469,99.5999984741211,,
863,2015-06-08,118.33000183105469,15.289999961853027,34.040000915527344,,2015-03-17,1148.300048828125,285.5050048828125,99.58999633789062,,
864,2015-06-09,119.4000015258789,14.470000267028809,33.0099983215332,,2015-03-18,1151.4000244140625,256.29901123046875,98.55000305175781,,
865,2015-06-10,120.83000183105469,13.220000267028809,31.790000915527344,,2015-03-19,1169.0999755859375,260.9280090332031,99.0999984741211,,
866,2015-06-11,125.31999969482422,12.850000381469727,31.760000228881836,,2015-03-20,1184.800048828125,261.7489929199219,97.91000366210938,,
867,2015-06-12,119.26000213623047,13.779999732971191,31.510000228881836,,2015-03-21,1184.800048828125,260.0249938964844,97.91000366210938,,
868,2015-06-15,119.25,15.390000343322754,32.54999923706055,,2015-03-22,1184.800048828125,267.9599914550781,97.91000366210938,,
869,2015-06-16,120.2300033569336,14.8100004196167,32.38999938964844,,2015-03-23,1188.0,266.739990234375,97.02999877929688,,
870,2015-06-17,119.08999633789062,14.5,32.83000183105469,,2015-03-24,1191.699951171875,245.59500122070312,97.19000244140625,,
871,2015-06-18,120.16999816894531,13.1899995803833,31.59000015258789,,2015-03-25,1197.300048828125,246.19700622558594,96.9800033569336,,
872,2015-06-19,119.5,13.960000038146973,30.399999618530273,,2015-03-26,1205.0999755859375,248.53199768066406,97.44000244140625,,
873,2015-06-22,120.5199966430664,12.739999771118164,30.059999465942383,,2015-03-27,1199.800048828125,247.0290069580078,97.29000091552734,,
874,2015-06-23,122.77999877929688,12.109999656677246,29.690000534057617,,2015-03-28,1199.800048828125,252.79800415039062,97.29000091552734,,
875,2015-06-24,119.5199966430664,13.260000228881836,29.600000381469727,,2015-03-29,1199.800048828125,242.71299743652344,97.29000091552734,,
876,2015-06-25,122.68000030517578,14.010000228881836,29.260000228881836,,2015-03-30,1184.800048828125,247.5260009765625,97.9800033569336,,
877,2015-06-26,123.06999969482422,14.020000457763672,29.010000228881836,,2015-03-31,1183.0999755859375,244.2239990234375,98.36000061035156,,
878,2015-06-29,124.54000091552734,18.850000381469727,33.63999938964844,,2015-04-01,1208.0999755859375,247.27200317382812,98.19000244140625,,
879,2015-06-30,123.87999725341797,18.229999542236328,32.43000030517578,,2015-04-02,1200.9000244140625,253.0050048828125,97.44000244140625,,
880,2015-07-01,120.13999938964844,16.09000015258789,34.11000061035156,,2015-04-03,1200.9000244140625,254.32200622558594,97.44000244140625,,
881,2015-07-02,121.5199966430664,16.790000915527344,33.79999923706055,,2015-04-04,1200.9000244140625,253.69700622558594,97.44000244140625,,
882,2015-07-06,118.68000030517578,17.010000228881836,40.0099983215332,,2015-04-05,1200.9000244140625,260.5979919433594,97.44000244140625,,
883,2015-07-07,117.37000274658203,16.09000015258789,40.540000915527344,,2015-04-06,1218.5999755859375,255.49200439453125,97.11000061035156,,
884,2015-07-08,118.25,19.65999984741211,42.20000076293945,,2015-04-07,1210.5999755859375,253.17999267578125,97.83000183105469,,
885,2015-07-09,120.33999633789062,19.969999313354492,42.040000915527344,,2015-04-08,1203.0999755859375,245.02200317382812,98.06999969482422,,
886,2015-07-10,118.5199966430664,16.829999923706055,41.220001220703125,,2015-04-09,1193.5999755859375,243.67599487304688,99.16000366210938,,
887,2015-07-13,121.56999969482422,13.899999618530273,38.08000183105469,,2015-04-10,1204.5999755859375,236.07200622558594,99.38999938964844,,
888,2015-07-14,123.11000061035156,13.369999885559082,36.310001373291016,,2015-04-11,1204.5999755859375,236.552001953125,99.38999938964844,,
889,2015-07-15,123.05999755859375,13.229999542236328,37.25,,2015-04-12,1204.5999755859375,236.1529998779297,99.38999938964844,,
890,2015-07-16,124.66999816894531,12.109999656677246,35.91999816894531,,2015-04-13,1199.300048828125,224.58700561523438,99.48999786376953,,
891,2015-07-17,127.91000366210938,11.949999809265137,34.68000030517578,,2015-04-14,1192.800048828125,219.15899658203125,98.76000213623047,,
892,2015-07-20,125.05999755859375,12.25,36.38999938964844,,2015-04-15,1201.5,223.83299255371094,98.33000183105469,,
893,2015-07-21,124.9000015258789,12.220000267028809,34.970001220703125,,2015-04-16,1198.0,228.572998046875,97.41999816894531,,
894,2015-07-22,130.4199981689453,12.119999885559082,37.65999984741211,,2015-04-17,1202.9000244140625,222.8820037841797,97.5199966430664,,
895,2015-07-23,123.18000030517578,12.640000343322754,38.459999084472656,,2015-04-18,1202.9000244140625,223.3560028076172,97.5199966430664,,
896,2015-07-24,126.31999969482422,13.739999771118164,39.0,,2015-04-19,1202.9000244140625,222.60000610351562,97.5199966430664,,
897,2015-07-27,126.66999816894531,15.600000381469727,41.150001525878906,,2015-04-20,1193.5,224.62600708007812,97.94000244140625,,
898,2015-07-28,123.5199966430664,13.4399995803833,39.939998626708984,,2015-04-21,1202.9000244140625,235.2689971923828,97.9800033569336,,
899,2015-07-29,121.02999877929688,12.5,38.59000015258789,,2015-04-22,1186.9000244140625,234.17599487304688,98.0199966430664,,
900,2015-07-30,122.05999755859375,12.130000114440918,37.33000183105469,,2015-04-23,1194.4000244140625,236.46200561523438,97.27999877929688,,
901,2015-07-31,124.19999694824219,12.119999885559082,38.81999969482422,,2015-04-24,1175.199951171875,231.26800537109375,96.91999816894531,,
902,2015-08-03,119.31999969482422,12.5600004196167,40.90999984741211,,2015-04-25,1175.199951171875,226.38999938964844,96.91999816894531,,
903,2015-08-04,119.79000091552734,13.0,40.119998931884766,,2015-04-26,1175.199951171875,219.42999267578125,96.91999816894531,,
904,2015-08-05,119.0999984741211,12.510000228881836,40.18000030517578,,2015-04-27,1203.300048828125,229.28599548339844,96.7699966430664,,
905,2015-08-06,126.08999633789062,13.770000457763672,41.540000915527344,,2015-04-28,1214.0,225.85499572753906,96.08999633789062,,
906,2015-08-07,117.81999969482422,13.390000343322754,41.16999816894531,,2015-04-29,1209.800048828125,225.80799865722656,95.12000274658203,,
907,2015-08-10,121.54000091552734,12.229999542236328,40.9900016784668,,2015-04-30,1182.4000244140625,236.14500427246094,94.5999984741211,,
908,2015-08-11,124.37000274658203,13.710000038146973,42.15999984741211,,2015-05-01,1174.5,232.07899475097656,95.30000305175781,,
909,2015-08-12,119.97000122070312,13.609999656677246,42.400001525878906,,2015-05-02,1174.5,234.92999267578125,95.30000305175781,,
910,2015-08-13,119.95999908447266,13.489999771118164,43.22999954223633,,2015-05-03,1174.5,240.35800170898438,95.30000305175781,,
911,2015-08-14,119.37000274658203,12.829999923706055,40.91999816894531,,2015-05-04,1186.800048828125,239.01800537109375,95.4800033569336,,
912,2015-08-17,120.2699966430664,13.020000457763672,40.349998474121094,,2015-05-05,1193.199951171875,236.12100219726562,95.12999725341797,,
913,2015-08-18,124.33999633789062,13.789999961853027,39.47999954223633,,2015-05-06,1190.300048828125,229.78199768066406,94.12999725341797,,
914,2015-08-19,122.13999938964844,15.25,41.290000915527344,,2015-05-07,1182.4000244140625,237.33399963378906,94.62000274658203,,
915,2015-08-20,118.76000213623047,19.139999389648438,42.58000183105469,,2015-05-08,1189.0999755859375,243.86300659179688,94.79000091552734,,
916,2015-08-21,118.76000213623047,28.030000686645508,44.65999984741211,,2015-05-09,1189.0999755859375,241.83200073242188,94.79000091552734,,
917,2015-08-24,129.4600067138672,40.7400016784668,50.11000061035156,,2015-05-10,1189.0999755859375,240.29600524902344,94.79000091552734,,
918,2015-08-25,126.77999877929688,36.02000045776367,49.0,,2015-05-11,1183.199951171875,242.1580047607422,95.01000213623047,,
919,2015-08-26,124.3499984741211,30.31999969482422,46.869998931884766,,2015-05-12,1192.5999755859375,241.11199951171875,94.52999877929688,,
920,2015-08-27,126.30999755859375,26.100000381469727,49.029998779296875,,2015-05-13,1218.4000244140625,236.3769989013672,93.62000274658203,,
921,2015-08-28,130.3800048828125,26.049999237060547,51.560001373291016,,2015-05-14,1225.4000244140625,236.9290008544922,93.36000061035156,,
922,2015-08-31,129.36000061035156,28.43000030517578,54.369998931884766,,2015-05-15,1225.5,237.60499572753906,93.13999938964844,,
923,2015-09-01,125.3499984741211,31.399999618530273,57.5099983215332,,2015-05-16,1225.5,236.1529998779297,93.13999938964844,,
924,2015-09-02,125.3499984741211,26.09000015258789,53.75,,2015-05-17,1225.5,236.802001953125,93.13999938964844,,
925,2015-09-03,132.42999267578125,25.610000610351562,50.439998626708984,,2015-05-18,1227.800048828125,233.1280059814453,94.19000244140625,,
926,2015-09-04,142.19000244140625,27.799999237060547,49.290000915527344,,2015-05-19,1206.9000244140625,231.94700622558594,95.2699966430664,,
927,2015-09-08,132.3699951171875,24.899999618530273,50.13999938964844,,2015-05-20,1208.9000244140625,234.01800537109375,95.44999694824219,,
928,2015-09-09,137.02999877929688,26.229999542236328,49.5,,2015-05-21,1204.4000244140625,235.343994140625,95.26000213623047,,
929,2015-09-10,131.4199981689453,24.3700008392334,50.04999923706055,,2015-05-22,1204.300048828125,240.34800720214844,96.01000213623047,,
930,2015-09-11,118.18000030517578,23.200000762939453,49.630001068115234,,2015-05-23,1204.300048828125,238.8719940185547,96.01000213623047,,
931,2015-09-14,142.92999267578125,24.25,49.810001373291016,,2015-05-24,1204.300048828125,240.9530029296875,96.01000213623047,,
932,2015-09-15,136.0,22.540000915527344,51.13999938964844,,2015-05-25,1204.300048828125,237.11000061035156,96.01000213623047,,
933,2015-09-16,142.16000366210938,21.350000381469727,50.2400016784668,,2015-05-26,1187.199951171875,237.11599731445312,97.30000305175781,,
934,2015-09-17,137.49000549316406,21.139999389648438,45.34000015258789,,2015-05-27,1185.9000244140625,237.2830047607422,97.37000274658203,,
935,2015-09-18,119.47000122070312,22.280000686645508,45.84000015258789,,2015-05-28,1188.0999755859375,237.4080047607422,96.97000122070312,,
936,2015-09-21,135.4499969482422,20.139999389648438,47.5099983215332,,2015-05-29,1189.4000244140625,237.0959930419922,96.91000366210938,,
937,2015-09-22,135.94000244140625,22.440000534057617,48.900001525878906,,2015-05-30,1189.4000244140625,233.34500122070312,96.91000366210938,,
938,2015-09-23,136.7100067138672,22.1299991607666,51.119998931884766,,2015-05-31,1189.4000244140625,230.19000244140625,96.91000366210938,,
939,2015-09-24,134.02999877929688,23.469999313354492,49.439998626708984,,2015-06-01,1188.300048828125,222.92599487304688,97.38999938964844,,
940,2015-09-25,135.16000366210938,23.6200008392334,47.709999084472656,,2015-06-02,1194.0999755859375,225.80299377441406,95.83999633789062,,
941,2015-09-28,134.17999267578125,27.6299991607666,49.459999084472656,,2015-06-03,1184.699951171875,225.87399291992188,95.47000122070312,,
942,2015-09-29,136.7100067138672,26.829999923706055,49.31999969482422,,2015-06-04,1174.9000244140625,224.32400512695312,95.45999908447266,,
943,2015-09-30,113.9000015258789,24.5,45.52000045776367,,2015-06-05,1167.800048828125,224.95199584960938,96.30999755859375,,
944,2015-10-01,124.80999755859375,22.549999237060547,44.61000061035156,,2015-06-06,1167.800048828125,225.61900329589844,96.30999755859375,,
945,2015-10-02,115.75,20.940000534057617,42.86000061035156,,2015-06-07,1167.800048828125,222.88099670410156,96.30999755859375,,
946,2015-10-05,132.8300018310547,19.540000915527344,43.029998779296875,,2015-06-08,1173.199951171875,228.48899841308594,95.30000305175781,,
947,2015-10-06,129.32000732421875,19.399999618530273,44.13999938964844,,2015-06-09,1177.300048828125,229.04800415039062,95.16999816894531,,
948,2015-10-07,132.38999938964844,18.399999618530273,43.2599983215332,,2015-06-10,1186.0999755859375,228.80299377441406,94.6500015258789,,
949,2015-10-08,136.69000244140625,17.420000076293945,43.279998779296875,,2015-06-11,1179.9000244140625,229.7050018310547,94.9800033569336,,
950,2015-10-09,134.66000366210938,17.079999923706055,42.79999923706055,,2015-06-12,1178.800048828125,229.98199462890625,94.97000122070312,,
951,2015-10-12,148.9199981689453,16.170000076293945,44.900001525878906,,2015-06-13,1178.800048828125,232.40199279785156,94.97000122070312,,
952,2015-10-13,133.80999755859375,17.670000076293945,45.369998931884766,,2015-06-14,1178.800048828125,233.54299926757812,94.97000122070312,,
953,2015-10-14,135.82000732421875,18.030000686645508,42.70000076293945,,2015-06-15,1185.300048828125,236.822998046875,94.80999755859375,,
954,2015-10-15,151.22000122070312,16.049999237060547,41.9900016784668,,2015-06-16,1180.5,250.89500427246094,95.0,,
955,2015-10-16,135.0399932861328,15.050000190734863,39.58000183105469,,2015-06-17,1176.4000244140625,249.28399658203125,94.30000305175781,,
956,2015-10-19,139.9199981689453,14.979999542236328,40.7400016784668,,2015-06-18,1201.5,249.0070037841797,94.04000091552734,,
957,2015-10-20,140.6999969482422,15.75,41.720001220703125,,2015-06-19,1201.5,244.6060028076172,94.08999633789062,,
958,2015-10-21,133.07000732421875,16.700000762939453,41.77000045776367,,2015-06-20,1201.5,245.21200561523438,94.08999633789062,,
959,2015-10-22,121.0199966430664,14.449999809265137,40.220001220703125,,2015-06-21,1201.5,243.94400024414062,94.08999633789062,,
960,2015-10-23,135.6199951171875,14.460000038146973,41.5099983215332,,2015-06-22,1183.699951171875,246.99000549316406,94.33000183105469,,
961,2015-10-26,132.2899932861328,15.289999961853027,42.9900016784668,,2015-06-23,1176.199951171875,244.29600524902344,95.43000030517578,,
962,2015-10-27,132.1699981689453,15.430000305175781,44.77000045776367,,2015-06-24,1172.5999755859375,240.51499938964844,95.26000213623047,,
963,2015-10-28,134.42999267578125,14.329999923706055,44.290000915527344,,2015-06-25,1171.5,242.7989959716797,95.19000244140625,,
964,2015-10-29,134.63999938964844,14.609999656677246,43.630001068115234,,2015-06-26,1172.9000244140625,243.593994140625,95.47000122070312,,
965,2015-10-30,125.7699966430664,15.069999694824219,41.95000076293945,,2015-06-27,1172.9000244140625,250.99000549316406,95.47000122070312,,
966,2015-11-02,138.77999877929688,14.149999618530273,41.880001068115234,,2015-06-28,1172.9000244140625,249.01100158691406,95.47000122070312,,
967,2015-11-03,137.39999389648438,14.539999961853027,41.27000045776367,,2015-06-29,1178.5,257.0639953613281,94.79000091552734,,
968,2015-11-04,134.44000244140625,15.510000228881836,41.540000915527344,,2015-06-30,1171.5,263.0719909667969,95.48999786376953,,
969,2015-11-05,135.2100067138672,15.050000190734863,39.290000915527344,,2015-07-01,1169.0,258.6210021972656,96.30999755859375,,
970,2015-11-06,137.75,14.329999923706055,39.849998474121094,,2015-07-02,1163.0,255.41200256347656,96.11000061035156,,
971,2015-11-09,134.33999633789062,16.520000457763672,41.34000015258789,,2015-07-03,1163.0,256.33599853515625,96.11000061035156,,
972,2015-11-10,132.24000549316406,15.289999961853027,39.34000015258789,,2015-07-04,1163.0,260.885986328125,96.11000061035156,,
973,2015-11-11,132.44000244140625,16.059999465942383,41.91999816894531,,2015-07-05,1163.0,271.9129943847656,96.11000061035156,,
974,2015-11-12,136.92999267578125,18.3700008392334,43.93000030517578,,2015-07-06,1172.9000244140625,269.0299987792969,96.30000305175781,,
975,2015-11-13,139.5,20.079999923706055,46.2599983215332,,2015-07-07,1152.4000244140625,266.2070007324219,96.87000274658203,,
976,2015-11-16,131.77000427246094,18.15999984741211,47.439998626708984,,2015-07-08,1163.300048828125,270.7850036621094,96.29000091552734,,
977,2015-11-17,136.97000122070312,18.84000015258789,46.630001068115234,,2015-07-09,1159.0,269.2279968261719,96.61000061035156,,
978,2015-11-18,136.86000061035156,16.850000381469727,43.529998779296875,,2015-07-10,1157.699951171875,284.8940124511719,96.02999877929688,,
979,2015-11-19,139.1699981689453,16.989999771118164,43.75,,2015-07-11,1157.699951171875,293.114990234375,96.02999877929688,,
980,2015-11-20,126.86000061035156,15.470000267028809,44.93000030517578,,2015-07-12,1157.699951171875,310.86700439453125,96.02999877929688,,
981,2015-11-23,139.50999450683594,15.619999885559082,45.84000015258789,,2015-07-13,1155.199951171875,292.0539855957031,96.86000061035156,,
982,2015-11-24,138.1699981689453,15.930000305175781,47.16999816894531,,2015-07-14,1153.300048828125,287.4639892578125,96.63999938964844,,
983,2015-11-25,139.4499969482422,15.1899995803833,48.459999084472656,,2015-07-15,1147.199951171875,285.8290100097656,97.12999725341797,,
984,2015-11-27,137.66000366210938,15.119999885559082,48.279998779296875,,2015-07-16,1143.800048828125,278.0889892578125,97.66000366210938,,
985,2015-11-30,127.25,16.1299991607666,48.13999938964844,,2015-07-17,1131.800048828125,279.47198486328125,97.86000061035156,,
986,2015-12-01,135.57000732421875,14.670000076293945,49.279998779296875,,2015-07-18,1131.800048828125,274.9010009765625,97.86000061035156,,
987,2015-12-02,132.66000366210938,15.90999984741211,51.959999084472656,,2015-07-19,1131.800048828125,273.614013671875,97.86000061035156,,
988,2015-12-03,135.25999450683594,18.110000610351562,50.650001525878906,,2015-07-20,1106.699951171875,278.9809875488281,98.02999877929688,,
989,2015-12-04,136.30999755859375,14.8100004196167,45.439998626708984,,2015-07-21,1103.4000244140625,275.8330078125,97.33000183105469,,
990,2015-12-07,136.77000427246094,15.84000015258789,49.0,,2015-07-22,1091.4000244140625,277.22198486328125,97.5999984741211,,
991,2015-12-08,131.25,17.600000381469727,50.34000015258789,,2015-07-23,1094.0,276.04901123046875,97.12000274658203,,
992,2015-12-09,134.25999450683594,19.610000610351562,51.529998779296875,,2015-07-24,1085.5999755859375,288.27801513671875,97.23999786376953,,
993,2015-12-10,134.94000244140625,19.34000015258789,51.22999954223633,,2015-07-25,1085.5999755859375,288.6969909667969,97.23999786376953,,
994,2015-12-11,146.52999877929688,24.389999389648438,54.290000915527344,,2015-07-26,1085.5999755859375,292.6860046386719,97.23999786376953,,
995,2015-12-14,140.9199981689453,22.729999542236328,55.36000061035156,,2015-07-27,1096.5,293.6239929199219,96.5,,
996,2015-12-15,143.35000610351562,20.950000762939453,50.029998779296875,,2015-07-28,1096.300048828125,294.427001953125,96.7699966430664,,
997,2015-12-16,135.5,17.860000610351562,47.63999938964844,,2015-07-29,1092.699951171875,289.5899963378906,96.9800033569336,,
998,2015-12-17,131.1999969482422,18.940000534057617,47.45000076293945,,2015-07-30,1088.4000244140625,287.72198486328125,97.55999755859375,,
999,2015-12-18,131.1999969482422,20.700000762939453,49.43000030517578,,2015-07-31,1094.9000244140625,284.6499938964844,97.37000274658203,,
1000,2015-12-21,125.18000030517578,18.700000762939453,49.18000030517578,,2015-08-01,1094.9000244140625,281.60101318359375,97.37000274658203,,
1001,2015-12-22,133.6300048828125,16.600000381469727,48.84000015258789,,2015-08-02,1094.9000244140625,282.614013671875,97.37000274658203,,
1002,2015-12-23,134.69000244140625,15.569999694824219,47.38999938964844,,2015-08-03,1089.4000244140625,281.22698974609375,97.48999786376953,,
1003,2015-12-24,128.77999877929688,15.739999771118164,44.810001373291016,,2015-08-04,1090.699951171875,285.2179870605469,97.93000030517578,,
1004,2015-12-28,136.2899932861328,16.90999984741211,47.0,,2015-08-05,1085.699951171875,281.8819885253906,97.95999908447266,,
1005,2015-12-29,139.25999450683594,16.079999923706055,45.27000045776367,,2015-08-06,1090.199951171875,278.5769958496094,97.83000183105469,,
1006,2015-12-30,143.0,17.290000915527344,46.0099983215332,,2015-08-07,1094.0999755859375,279.5849914550781,97.55999755859375,,
1007,2015-12-31,124.43000030517578,18.209999084472656,46.56999969482422,,2015-08-08,1094.0999755859375,260.99700927734375,97.55999755859375,,
1008,2016-01-04,140.0,20.700000762939453,49.790000915527344,,2015-08-09,1094.0999755859375,265.0830078125,97.55999755859375,,
1009,2016-01-05,135.07000732421875,19.34000015258789,49.68000030517578,,2015-08-10,1104.199951171875,264.4700012207031,97.16000366210938,,
1010,2016-01-06,135.07000732421875,20.59000015258789,52.36000061035156,,2015-08-11,1107.5999755859375,270.385986328125,97.29000091552734,,
1011,2016-01-07,135.94000244140625,24.989999771118164,56.150001525878906,,2015-08-12,1123.199951171875,266.3760070800781,96.26000213623047,,
1012,2016-01-08,138.8300018310547,27.010000228881836,56.099998474121094,,2015-08-13,1115.699951171875,264.0799865722656,96.44999694824219,,
1013,2016-01-11,142.52000427246094,24.299999237060547,62.97999954223633,,2015-08-14,1112.9000244140625,265.67999267578125,96.56999969482422,,
1014,2016-01-12,138.6699981689453,22.469999313354492,65.2699966430664,,2015-08-15,1112.9000244140625,261.5509948730469,96.56999969482422,,
1015,2016-01-13,145.8800048828125,25.219999313354492,60.66999816894531,,2015-08-16,1112.9000244140625,258.5069885253906,96.56999969482422,,
1016,2016-01-14,138.7899932861328,23.950000762939453,57.560001373291016,,2015-08-17,1118.5999755859375,257.97601318359375,96.81999969482422,,
1017,2016-01-15,145.02999877929688,27.020000457763672,62.09000015258789,,2015-08-18,1117.0999755859375,211.07899475097656,96.97000122070312,,
1018,2016-01-19,137.89999389648438,26.049999237060547,64.04000091552734,,2015-08-19,1128.0999755859375,226.6840057373047,96.45999908447266,,
1019,2016-01-20,134.82000732421875,27.59000015258789,67.93000030517578,,2015-08-20,1153.0,235.35000610351562,95.75,,
1020,2016-01-21,132.99000549316406,26.690000534057617,65.79000091552734,,2015-08-21,1159.5999755859375,232.56900024414062,94.83000183105469,,
1021,2016-01-22,133.63999938964844,22.34000015258789,61.86000061035156,,2015-08-22,1159.5999755859375,230.38999938964844,94.83000183105469,,
1022,2016-01-25,132.27000427246094,24.149999618530273,65.73999786376953,,2015-08-23,1159.5999755859375,228.16900634765625,94.83000183105469,,
1023,2016-01-26,129.52999877929688,22.5,65.88999938964844,,2015-08-24,1153.4000244140625,210.4949951171875,93.30999755859375,,
1024,2016-01-27,129.05999755859375,23.110000610351562,65.62000274658203,,2015-08-25,1138.199951171875,221.60899353027344,94.52999877929688,,
1025,2016-01-28,129.22999572753906,22.420000076293945,65.98999786376953,,2015-08-26,1124.5999755859375,225.83099365234375,95.0999984741211,,
1026,2016-01-29,120.86000061035156,20.200000762939453,61.86000061035156,,2015-08-27,1122.4000244140625,224.7689971923828,95.61000061035156,,
1027,2016-02-01,126.37999725341797,19.979999542236328,66.62999725341797,,2015-08-28,1133.0999755859375,231.39599609375,96.11000061035156,,
1028,2016-02-02,119.83000183105469,21.979999542236328,68.58999633789062,,2015-08-29,1133.0999755859375,229.77999877929688,96.11000061035156,,
1029,2016-02-03,122.04000091552734,21.649999618530273,67.70999908447266,,2015-08-30,1133.0999755859375,228.76100158691406,96.11000061035156,,
1030,2016-02-04,122.69000244140625,21.84000015258789,66.77999877929688,,2015-08-31,1131.5999755859375,230.05599975585938,95.94999694824219,,
1031,2016-02-05,119.01000213623047,23.3799991607666,66.66999816894531,,2015-09-01,1138.699951171875,228.12100219726562,95.44999694824219,,
1032,2016-02-08,120.25,26.0,68.37999725341797,,2015-09-02,1132.5,229.28399658203125,95.83000183105469,,
1033,2016-02-09,120.73999786376953,26.540000915527344,72.29000091552734,,2015-09-03,1123.699951171875,227.18299865722656,96.41000366210938,,
1034,2016-02-10,120.36000061035156,26.290000915527344,72.5,,2015-09-04,1120.5999755859375,230.29800415039062,96.2300033569336,,
1035,2016-02-11,122.37999725341797,28.139999389648438,77.79000091552734,,2015-09-05,1120.5999755859375,235.0189971923828,96.2300033569336,,
1036,2016-02-12,117.75,25.399999618530273,78.97000122070312,,2015-09-06,1120.5999755859375,239.83999633789062,96.2300033569336,,
1037,2016-02-16,125.7699966430664,24.110000610351562,71.52999877929688,,2015-09-07,1120.5999755859375,239.8470001220703,96.2300033569336,,
1038,2016-02-17,124.98999786376953,22.309999465942383,69.47000122070312,,2015-09-08,1120.4000244140625,243.60699462890625,95.87999725341797,,
1039,2016-02-18,125.33000183105469,21.639999389648438,67.48999786376953,,2015-09-09,1102.199951171875,238.16799926757812,96.01000213623047,,
1040,2016-02-19,123.61000061035156,20.530000686645508,62.459999084472656,,2015-09-10,1109.5,238.4770050048828,95.45999908447266,,
1041,2016-02-22,117.45999908447266,19.3799991607666,62.84000015258789,,2015-09-11,1103.5,240.10699462890625,95.19000244140625,,
1042,2016-02-23,119.66999816894531,20.979999542236328,65.02999877929688,,2015-09-12,1103.5,235.22900390625,95.19000244140625,,
1043,2016-02-24,119.45999908447266,20.719999313354492,66.08999633789062,,2015-09-13,1103.5,230.51199340820312,95.19000244140625,,
1044,2016-02-25,122.0199966430664,19.110000610351562,63.7400016784668,,2015-09-14,1107.699951171875,230.6439971923828,95.25,,
1045,2016-02-26,118.6500015258789,19.809999465942383,59.959999084472656,,2015-09-15,1102.800048828125,230.3040008544922,95.61000061035156,,
1046,2016-02-29,117.68000030517578,20.549999237060547,60.0099983215332,,2015-09-16,1119.199951171875,229.09100341796875,95.41999816894531,,
1047,2016-03-01,119.80999755859375,17.700000762939453,56.84000015258789,,2015-09-17,1117.300048828125,229.80999755859375,94.55000305175781,,
1048,2016-03-02,122.3499984741211,17.09000015258789,53.369998931884766,,2015-09-18,1138.0999755859375,232.97500610351562,94.86000061035156,,
1049,2016-03-03,125.2699966430664,16.700000762939453,52.56999969482422,,2015-09-19,1138.0999755859375,231.4929962158203,94.86000061035156,,
1050,2016-03-04,125.2699966430664,16.860000610351562,51.88999938964844,,2015-09-20,1138.0999755859375,231.21200561523438,94.86000061035156,,
1051,2016-03-07,124.01000213623047,17.350000381469727,52.79999923706055,,2015-09-21,1133.0999755859375,227.0850067138672,95.88999938964844,,
1052,2016-03-08,123.52999877929688,18.670000076293945,54.040000915527344,,2015-09-22,1125.0,230.6179962158203,96.27999877929688,,
1053,2016-03-09,123.47000122070312,18.34000015258789,51.7400016784668,,2015-09-23,1131.5999755859375,230.2830047607422,96.06999969482422,,
1054,2016-03-10,130.0399932861328,18.049999237060547,51.97999954223633,,2015-09-24,1153.800048828125,234.5290069580078,95.98999786376953,,
1055,2016-03-11,128.99000549316406,16.5,50.25,,2015-09-25,1146.0,235.1439971923828,96.2699966430664,,
1056,2016-03-14,133.3000030517578,16.920000076293945,50.16999816894531,,2015-09-26,1146.0,234.33999633789062,96.2699966430664,,
1057,2016-03-15,132.4499969482422,16.84000015258789,48.97999954223633,,2015-09-27,1146.0,232.7570037841797,96.2699966430664,,
1058,2016-03-16,125.41999816894531,14.989999771118164,43.97999954223633,,2015-09-28,1132.0,239.14199829101562,96.02999877929688,,
1059,2016-03-17,126.6500015258789,14.4399995803833,46.220001220703125,,2015-09-29,1127.0999755859375,236.68699645996094,95.88999938964844,,
1060,2016-03-18,126.75,14.020000457763672,44.97999954223633,,2015-09-30,1115.5,236.05999755859375,96.3499984741211,,
1061,2016-03-21,129.35000610351562,13.789999961853027,45.09000015258789,,2015-10-01,1114.199951171875,237.5489959716797,96.19000244140625,,
1062,2016-03-22,130.99000549316406,14.170000076293945,44.119998931884766,,2015-10-02,1137.0999755859375,237.29299926757812,95.83000183105469,,
1063,2016-03-23,129.6699981689453,14.9399995803833,44.58000183105469,,2015-10-03,1137.0999755859375,238.72999572753906,95.83000183105469,,
1064,2016-03-24,119.0199966430664,14.739999771118164,44.959999084472656,,2015-10-04,1137.0999755859375,238.25900268554688,95.83000183105469,,
1065,2016-03-28,127.73999786376953,15.239999771118164,45.97999954223633,,2015-10-05,1138.0999755859375,240.38299560546875,96.11000061035156,,
1066,2016-03-29,132.61000061035156,13.819999694824219,46.630001068115234,,2015-10-06,1146.800048828125,246.06300354003906,95.45999908447266,,
1067,2016-03-30,128.6699981689453,13.5600004196167,46.380001068115234,,2015-10-07,1149.0,242.968994140625,95.5,,
1068,2016-03-31,122.02999877929688,13.949999809265137,45.90999984741211,,2015-10-08,1144.699951171875,242.3040008544922,95.31999969482422,,
1069,2016-04-01,124.02999877929688,13.100000381469727,47.7599983215332,,2015-10-09,1156.300048828125,243.93099975585938,94.80999755859375,,
1070,2016-04-04,125.2300033569336,14.119999885559082,50.88999938964844,,2015-10-10,1156.300048828125,244.9409942626953,94.80999755859375,,
1071,2016-04-05,120.2699966430664,15.420000076293945,50.15999984741211,,2015-10-11,1156.300048828125,247.0500030517578,94.80999755859375,,
1072,2016-04-06,125.05999755859375,14.09000015258789,46.15999984741211,,2015-10-12,1164.9000244140625,245.30799865722656,94.83999633789062,,
1073,2016-04-07,125.12999725341797,16.15999984741211,46.5,,2015-10-13,1165.800048828125,249.50799560546875,94.76000213623047,,
1074,2016-04-08,113.83999633789062,15.359999656677246,47.41999816894531,,2015-10-14,1180.0999755859375,251.98899841308594,93.93000030517578,,
1075,2016-04-11,119.12999725341797,16.260000228881836,49.040000915527344,,2015-10-15,1187.9000244140625,254.32000732421875,94.37000274658203,,
1076,2016-04-12,126.16999816894531,14.850000381469727,48.779998779296875,,2015-10-16,1183.5999755859375,262.8689880371094,94.54000091552734,,
1077,2016-04-13,127.12999725341797,13.84000015258789,48.790000915527344,,2015-10-17,1183.5999755859375,270.6400146484375,94.54000091552734,,
1078,2016-04-14,126.2300033569336,13.720000267028809,46.369998931884766,,2015-10-18,1183.5999755859375,261.64300537109375,94.54000091552734,,
1079,2016-04-15,123.0999984741211,13.619999885559082,51.27000045776367,,2015-10-19,1173.300048828125,263.43701171875,94.95999908447266,,
1080,2016-04-18,120.55000305175781,13.350000381469727,46.45000076293945,,2015-10-20,1178.0,269.4630126953125,94.8499984741211,,
1081,2016-04-19,126.19000244140625,13.239999771118164,43.93000030517578,,2015-10-21,1167.5999755859375,266.2720031738281,95.05000305175781,,
1082,2016-04-20,126.19999694824219,13.279999732971191,43.66999816894531,,2015-10-22,1166.5999755859375,274.02301025390625,96.33999633789062,,
1083,2016-04-21,127.05999755859375,13.949999809265137,43.7599983215332,,2015-10-23,1163.300048828125,276.4960021972656,97.06999969482422,,
1084,2016-04-22,123.25,13.220000267028809,41.970001220703125,,2015-10-24,1163.300048828125,281.65399169921875,97.06999969482422,,
1085,2016-04-25,126.77999877929688,14.079999923706055,44.2400016784668,,2015-10-25,1163.300048828125,283.67999267578125,97.06999969482422,,
1086,2016-04-26,127.4000015258789,13.960000038146973,43.5099983215332,,2015-10-26,1167.0,285.29998779296875,96.86000061035156,,
1087,2016-04-27,126.08999633789062,13.770000457763672,43.63999938964844,,2015-10-27,1166.800048828125,293.7879943847656,96.91000366210938,,
1088,2016-04-28,125.44000244140625,15.220000267028809,42.84000015258789,,2015-10-28,1177.0999755859375,304.6180114746094,97.77999877929688,,
1089,2016-04-29,126.48999786376953,15.699999809265137,42.52000045776367,,2015-10-29,1147.199951171875,313.8550109863281,97.27999877929688,,
1090,2016-05-02,127.66999816894531,14.680000305175781,45.150001525878906,,2015-10-30,1141.5,328.0150146484375,96.94999694824219,,
1091,2016-05-03,125.94000244140625,15.600000381469727,45.779998779296875,,2015-10-31,1141.5,314.1659851074219,96.94999694824219,,
1092,2016-05-04,124.30999755859375,16.049999237060547,44.7599983215332,,2015-11-01,1141.5,325.4309997558594,96.94999694824219,,
1093,2016-05-05,123.73999786376953,15.90999984741211,44.81999969482422,,2015-11-02,1135.800048828125,361.1889953613281,96.93000030517578,,
1094,2016-05-06,120.81999969482422,14.720000267028809,42.470001220703125,,2015-11-03,1114.199951171875,403.4169921875,97.16000366210938,,
1095,2016-05-09,123.16999816894531,14.569999694824219,44.13999938964844,,2015-11-04,1106.5,411.56298828125,97.94999694824219,,
1096,2016-05-10,124.0999984741211,13.630000114440918,42.279998779296875,,2015-11-05,1104.4000244140625,386.35400390625,97.94000244140625,,
1097,2016-05-11,122.19000244140625,14.6899995803833,42.02000045776367,,2015-11-06,1087.5999755859375,374.4700012207031,99.16000366210938,,
1098,2016-05-12,123.5199966430664,14.40999984741211,41.5,,2015-11-07,1087.5999755859375,386.48199462890625,99.16000366210938,,
1099,2016-05-13,121.45999908447266,15.039999961853027,41.56999969482422,,2015-11-08,1087.5999755859375,373.3680114746094,99.16000366210938,,
1100,2016-05-16,124.12999725341797,14.680000305175781,42.029998779296875,,2015-11-09,1087.9000244140625,380.2569885253906,98.9800033569336,,
1101,2016-05-17,122.95999908447266,15.569999694824219,42.75,,2015-11-10,1088.199951171875,336.8190002441406,99.29000091552734,,
1102,2016-05-18,122.22000122070312,15.949999809265137,42.869998931884766,,2015-11-11,1084.699951171875,311.0840148925781,99.01000213623047,,
1103,2016-05-19,123.66000366210938,16.329999923706055,42.400001525878906,,2015-11-12,1080.800048828125,338.1520080566406,98.6500015258789,,
1104,2016-05-20,125.61000061035156,15.199999809265137,40.16999816894531,,2015-11-13,1080.800048828125,336.75299072265625,98.98999786376953,,
1105,2016-05-23,124.73999786376953,15.819999694824219,39.439998626708984,,2015-11-14,1080.800048828125,332.906005859375,98.98999786376953,,
1106,2016-05-24,124.73999786376953,14.420000076293945,38.02000045776367,,2015-11-15,1080.800048828125,320.1659851074219,98.98999786376953,,
1107,2016-05-25,127.12999725341797,13.899999618530273,35.939998626708984,,2015-11-16,1083.699951171875,330.7510070800781,99.44000244140625,,
1108,2016-05-26,129.27999877929688,13.430000305175781,36.560001373291016,,2015-11-17,1068.699951171875,335.093994140625,99.62999725341797,,
1109,2016-05-27,129.61000061035156,13.119999885559082,35.970001220703125,,2015-11-18,1068.800048828125,334.5899963378906,99.6500015258789,,
1110,2016-05-31,127.69999694824219,14.1899995803833,38.08000183105469,,2015-11-19,1078.0,326.14898681640625,98.98999786376953,,
1111,2016-06-01,132.4600067138672,14.199999809265137,40.0,,2015-11-20,1076.4000244140625,322.0220031738281,99.56999969482422,,
1112,2016-06-02,134.14999389648438,13.630000114440918,36.63999938964844,,2015-11-21,1076.4000244140625,326.927001953125,99.56999969482422,,
1113,2016-06-03,125.04000091552734,13.470000267028809,34.810001373291016,,2015-11-22,1076.4000244140625,324.5360107421875,99.56999969482422,,
1114,2016-06-06,125.56999969482422,13.649999618530273,35.61000061035156,,2015-11-23,1066.800048828125,323.0459899902344,99.80000305175781,,
1115,2016-06-07,128.5399932861328,14.050000190734863,36.189998626708984,,2015-11-24,1074.300048828125,320.0459899902344,99.52999877929688,,
1116,2016-06-08,129.22999572753906,14.079999923706055,35.16999816894531,,2015-11-25,1070.5,328.20599365234375,99.80000305175781,,
1117,2016-06-09,129.30999755859375,14.640000343322754,35.900001525878906,,2015-11-26,1070.5,352.6839904785156,99.80000305175781,,
1118,2016-06-10,133.6699981689453,17.030000686645508,39.95000076293945,,2015-11-27,1056.199951171875,358.0419921875,100.0199966430664,,
1119,2016-06-13,137.49000549316406,20.969999313354492,42.720001220703125,,2015-11-28,1056.199951171875,357.3810119628906,100.0199966430664,,
1120,2016-06-14,138.02000427246094,20.5,43.06999969482422,,2015-11-29,1056.199951171875,371.29400634765625,100.0199966430664,,
1121,2016-06-15,140.91000366210938,20.139999389648438,42.58000183105469,,2015-11-30,1065.800048828125,377.3210144042969,100.16999816894531,,
1122,2016-06-16,142.5,19.3700008392334,44.4900016784668,,2015-12-01,1063.800048828125,362.4880065917969,99.80000305175781,,
1123,2016-06-17,137.94000244140625,19.40999984741211,41.349998474121094,,2015-12-02,1054.199951171875,359.18701171875,99.98999786376953,,
1124,2016-06-20,137.80999755859375,18.3700008392334,38.9900016784668,,2015-12-03,1061.699951171875,361.0459899902344,97.62000274658203,,
1125,2016-06-21,135.9199981689453,18.479999542236328,40.369998931884766,,2015-12-04,1084.5,363.1830139160156,98.3499984741211,,
1126,2016-06-22,136.47999572753906,21.170000076293945,43.25,,2015-12-05,1084.5,388.9490051269531,98.3499984741211,,
1127,2016-06-23,145.6999969482422,17.25,40.099998474121094,,2015-12-06,1084.5,388.7829895019531,98.3499984741211,,
1128,2016-06-24,142.9199981689453,25.760000228881836,43.33000183105469,,2015-12-07,1076.4000244140625,395.5360107421875,98.66000366210938,,
1129,2016-06-27,136.42999267578125,23.850000381469727,42.849998474121094,,2015-12-08,1076.300048828125,415.56298828125,98.47000122070312,,
1130,2016-06-28,153.66000366210938,18.75,40.18000030517578,,2015-12-09,1077.5999755859375,417.56298828125,97.3499984741211,,
1131,2016-06-29,136.4600067138672,16.639999389648438,38.290000915527344,,2015-12-10,1073.0999755859375,415.47900390625,97.94000244140625,,
1132,2016-06-30,140.5800018310547,15.630000114440918,38.09000015258789,,2015-12-11,1076.9000244140625,451.93798828125,97.56999969482422,,
1133,2016-07-01,128.52999877929688,14.770000457763672,36.18000030517578,,2015-12-12,1076.9000244140625,434.99700927734375,97.56999969482422,,
1134,2016-07-05,125.3499984741211,15.579999923706055,40.08000183105469,,2015-12-13,1076.9000244140625,433.7550048828125,97.56999969482422,,
1135,2016-07-06,123.13999938964844,14.960000038146973,41.43000030517578,,2015-12-14,1064.699951171875,444.1820068359375,97.5999984741211,,
1136,2016-07-07,124.72000122070312,14.760000228881836,43.2400016784668,,2015-12-15,1062.9000244140625,465.3210144042969,98.22000122070312,,
1137,2016-07-08,127.19999694824219,13.199999809265137,41.40999984741211,,2015-12-16,1078.0,454.9339904785156,97.87000274658203,,
1138,2016-07-11,125.02999877929688,13.539999961853027,42.5099983215332,,2015-12-17,1050.800048828125,456.0780029296875,99.2699966430664,,
1139,2016-07-12,126.0999984741211,13.550000190734863,39.66999816894531,,2015-12-18,1066.199951171875,463.6159973144531,98.69999694824219,,
1140,2016-07-13,127.29000091552734,13.039999961853027,43.099998474121094,,2015-12-19,1066.199951171875,462.3219909667969,98.69999694824219,,
1141,2016-07-14,128.27999877929688,12.819999694824219,38.29999923706055,,2015-12-20,1066.199951171875,442.68499755859375,98.69999694824219,,
1142,2016-07-15,129.75999450683594,12.670000076293945,36.65999984741211,,2015-12-21,1081.9000244140625,438.6390075683594,98.45999908447266,,
1143,2016-07-18,125.37999725341797,12.4399995803833,38.150001525878906,,2015-12-22,1074.800048828125,436.5719909667969,98.23999786376953,,
1144,2016-07-19,129.9199981689453,11.970000267028809,37.20000076293945,,2015-12-23,1069.4000244140625,442.4010009765625,98.33999633789062,,
1145,2016-07-20,128.49000549316406,11.770000457763672,37.02000045776367,,2015-12-24,1077.199951171875,454.9849853515625,97.9800033569336,,
1146,2016-07-21,128.00999450683594,12.739999771118164,38.130001068115234,,2015-12-25,1077.199951171875,455.65301513671875,97.9800033569336,,
1147,2016-07-22,128.36000061035156,12.020000457763672,38.849998474121094,,2015-12-26,1077.199951171875,417.27398681640625,97.9800033569336,,
1148,2016-07-25,129.64999389648438,12.869999885559082,40.970001220703125,,2015-12-27,1077.199951171875,422.822998046875,97.9800033569336,,
1149,2016-07-26,130.02000427246094,13.050000190734863,41.27000045776367,,2015-12-28,1070.5,422.27899169921875,97.91999816894531,,
1150,2016-07-27,125.68000030517578,12.829999923706055,41.599998474121094,,2015-12-29,1077.5,432.9830017089844,98.0999984741211,,
1151,2016-07-28,128.50999450683594,12.720000267028809,42.93000030517578,,2015-12-30,1060.0999755859375,426.6199951171875,98.2699966430664,,
1152,2016-07-29,128.25,11.869999885559082,41.08000183105469,,2015-12-31,1060.300048828125,430.5669860839844,98.62999725341797,,
1153,2016-08-01,128.00999450683594,12.4399995803833,44.220001220703125,,2016-01-01,1060.300048828125,434.3340148925781,98.62999725341797,,
1154,2016-08-02,129.25,13.369999885559082,45.70000076293945,,2016-01-02,1060.300048828125,433.43798828125,98.62999725341797,,
1155,2016-08-03,129.99000549316406,12.859999656677246,44.63999938964844,,2016-01-03,1060.300048828125,430.010986328125,98.62999725341797,,
1156,2016-08-04,127.05999755859375,12.420000076293945,43.099998474121094,,2016-01-04,1075.0999755859375,433.09100341796875,98.87000274658203,,
1157,2016-08-05,130.60000610351562,11.390000343322754,41.5,,2016-01-05,1078.4000244140625,431.9599914550781,99.4000015258789,,
1158,2016-08-08,132.94000244140625,11.5,41.13999938964844,,2016-01-06,1091.9000244140625,429.1050109863281,99.18000030517578,,
1159,2016-08-09,135.55999755859375,11.65999984741211,39.7599983215332,,2016-01-07,1107.699951171875,458.0480041503906,98.22000122070312,,
1160,2016-08-10,133.25,12.050000190734863,39.31999969482422,,2016-01-08,1097.800048828125,453.2300109863281,98.54000091552734,,
1161,2016-08-11,131.27999877929688,11.680000305175781,39.290000915527344,,2016-01-09,1097.800048828125,447.6109924316406,98.54000091552734,,
1162,2016-08-12,132.1300048828125,11.550000190734863,37.779998779296875,,2016-01-10,1097.800048828125,447.9909973144531,98.54000091552734,,
1163,2016-08-15,134.4499969482422,11.8100004196167,37.279998779296875,,2016-01-11,1096.5,448.4280090332031,98.7300033569336,,
1164,2016-08-16,132.27000427246094,12.640000343322754,37.45000076293945,,2016-01-12,1085.5999755859375,435.69000244140625,98.97000122070312,,
1165,2016-08-17,136.7100067138672,12.1899995803833,35.119998931884766,,2016-01-13,1087.5,432.3710021972656,98.93000030517578,,
1166,2016-08-18,134.8699951171875,11.430000305175781,36.75,,2016-01-14,1073.9000244140625,430.3059997558594,99.08999633789062,,
1167,2016-08-19,136.5800018310547,11.34000015258789,34.880001068115234,,2016-01-15,1091.5,364.33099365234375,98.95999908447266,,
1168,2016-08-22,135.1999969482422,12.270000457763672,36.40999984741211,,2016-01-16,1091.5,387.5360107421875,98.95999908447266,,
1169,2016-08-23,131.7899932861328,12.380000114440918,37.529998779296875,,2016-01-17,1091.5,382.29901123046875,98.95999908447266,,
1170,2016-08-24,130.42999267578125,13.449999809265137,37.459999084472656,,2016-01-18,1091.5,387.1679992675781,99.12000274658203,,
1171,2016-08-25,131.05999755859375,13.630000114440918,36.7599983215332,,2016-01-19,1089.9000244140625,380.14898681640625,98.98999786376953,,
1172,2016-08-26,132.39999389648438,13.649999618530273,36.04999923706055,,2016-01-20,1107.0999755859375,420.2300109863281,99.08999633789062,,
1173,2016-08-29,131.3000030517578,12.9399995803833,36.720001220703125,,2016-01-21,1099.0999755859375,410.2619934082031,99.05999755859375,,
1174,2016-08-30,136.13999938964844,13.119999885559082,38.029998779296875,,2016-01-22,1097.199951171875,382.49200439453125,99.56999969482422,,
1175,2016-08-31,129.25,13.420000076293945,39.5,,2016-01-23,1097.199951171875,387.4909973144531,99.56999969482422,,
1176,2016-09-01,129.8300018310547,13.479999542236328,41.220001220703125,,2016-01-24,1097.199951171875,402.97100830078125,99.56999969482422,,
1177,2016-09-02,128.39999389648438,11.979999542236328,38.63999938964844,,2016-01-25,1106.199951171875,391.72601318359375,99.36000061035156,,
1178,2016-09-06,131.16000366210938,12.020000457763672,39.849998474121094,,2016-01-26,1121.699951171875,392.15301513671875,99.36000061035156,,
1179,2016-09-07,130.94000244140625,11.9399995803833,38.630001068115234,,2016-01-27,1116.0999755859375,394.97198486328125,98.9000015258789,,
1180,2016-09-08,129.74000549316406,12.510000228881836,38.209999084472656,,2016-01-28,1115.5999755859375,380.28900146484375,98.51000213623047,,
1181,2016-09-09,125.25,17.5,39.720001220703125,,2016-01-29,1116.4000244140625,379.4739990234375,99.61000061035156,,
1182,2016-09-12,134.17999267578125,15.15999984741211,39.15999984741211,,2016-01-30,1116.4000244140625,378.2550048828125,99.61000061035156,,
1183,2016-09-13,131.55999755859375,17.850000381469727,41.099998474121094,,2016-01-31,1116.4000244140625,368.7669982910156,99.61000061035156,,
1184,2016-09-14,127.4000015258789,18.139999389648438,42.470001220703125,,2016-02-01,1127.9000244140625,373.0559997558594,99.0,,
1185,2016-09-15,130.57000732421875,16.299999237060547,40.900001525878906,,2016-02-02,1127.300048828125,374.447998046875,98.87000274658203,,
1186,2016-09-16,130.57000732421875,15.369999885559082,39.86000061035156,,2016-02-03,1141.300048828125,369.9490051269531,97.29000091552734,,
1187,2016-09-19,125.80999755859375,15.529999732971191,39.65999984741211,,2016-02-04,1157.5999755859375,389.593994140625,96.47000122070312,,
1188,2016-09-20,126.8499984741211,15.920000076293945,40.9900016784668,,2016-02-05,1157.800048828125,386.54901123046875,97.02999877929688,,
1189,2016-09-21,122.12999725341797,13.300000190734863,39.849998474121094,,2016-02-06,1157.800048828125,376.5220031738281,97.02999877929688,,
1190,2016-09-22,124.29000091552734,12.020000457763672,41.56999969482422,,2016-02-07,1157.800048828125,376.6199951171875,97.02999877929688,,
1191,2016-09-23,125.12999725341797,12.289999961853027,43.88999938964844,,2016-02-08,1197.9000244140625,373.4469909667969,96.56999969482422,,
1192,2016-09-26,121.72000122070312,14.5,44.900001525878906,,2016-02-09,1198.699951171875,376.02899169921875,96.06999969482422,,
1193,2016-09-27,123.73999786376953,13.100000381469727,43.880001068115234,,2016-02-10,1194.699951171875,381.64898681640625,95.88999938964844,,
1194,2016-09-28,126.8499984741211,12.390000343322754,45.2400016784668,,2016-02-11,1247.9000244140625,379.65399169921875,95.55999755859375,,
1195,2016-09-29,122.66999816894531,14.020000457763672,42.04999923706055,,2016-02-12,1239.0999755859375,384.26300048828125,95.9800033569336,,
1196,2016-09-30,124.58000183105469,13.289999961853027,39.310001373291016,,2016-02-13,1239.0999755859375,391.8599853515625,95.9800033569336,,
1197,2016-10-03,122.86000061035156,13.569999694824219,38.040000915527344,,2016-02-14,1239.0999755859375,407.2300109863281,95.9800033569336,,
1198,2016-10-04,119.66999816894531,13.630000114440918,37.65999984741211,,2016-02-15,1239.0999755859375,400.18499755859375,95.9800033569336,,
1199,2016-10-05,121.54000091552734,12.989999771118164,36.650001525878906,,2016-02-16,1207.9000244140625,407.4880065917969,96.87000274658203,,
1200,2016-10-06,120.4800033569336,12.84000015258789,35.91999816894531,,2016-02-17,1211.0999755859375,416.3219909667969,96.79000091552734,,
1201,2016-10-07,119.94999694824219,13.479999542236328,36.599998474121094,,2016-02-18,1226.0999755859375,422.37298583984375,96.94999694824219,,
1202,2016-10-10,123.83999633789062,13.380000114440918,36.56999969482422,,2016-02-19,1230.4000244140625,420.7850036621094,96.5999984741211,,
1203,2016-10-11,119.79000091552734,15.359999656677246,38.08000183105469,,2016-02-20,1230.4000244140625,437.16400146484375,96.5999984741211,,
1204,2016-10-12,122.33999633789062,15.90999984741211,39.04999923706055,,2016-02-21,1230.4000244140625,438.7980041503906,96.5999984741211,,
1205,2016-10-13,123.31999969482422,16.690000534057617,37.220001220703125,,2016-02-22,1209.5,437.74798583984375,97.37999725341797,,
1206,2016-10-14,121.86000061035156,16.1200008392334,35.54999923706055,,2016-02-23,1222.300048828125,420.7359924316406,97.4800033569336,,
1207,2016-10-17,124.08000183105469,16.209999084472656,34.880001068115234,,2016-02-24,1238.699951171875,424.9549865722656,97.45999908447266,,
1208,2016-10-18,122.76000213623047,15.279999732971191,36.369998931884766,,2016-02-25,1238.199951171875,424.54400634765625,97.29000091552734,,
1209,2016-10-19,122.55999755859375,14.40999984741211,32.720001220703125,,2016-02-26,1219.800048828125,432.1520080566406,98.1500015258789,,
1210,2016-10-20,123.91000366210938,13.75,32.47999954223633,,2016-02-27,1219.800048828125,432.5190124511719,98.1500015258789,,
1211,2016-10-21,123.0,13.34000015258789,32.5099983215332,,2016-02-28,1219.800048828125,433.5039978027344,98.1500015258789,,
1212,2016-10-24,124.5999984741211,13.020000457763672,32.790000915527344,,2016-02-29,1233.9000244140625,437.6969909667969,98.20999908447266,,
1213,2016-10-25,122.83000183105469,13.460000038146973,33.93000030517578,,2016-03-01,1230.300048828125,435.12298583984375,98.3499984741211,,
1214,2016-10-26,123.30999755859375,14.239999771118164,35.38999938964844,,2016-03-02,1241.0999755859375,423.989013671875,98.20999908447266,,
1215,2016-10-27,122.3499984741211,15.359999656677246,35.86000061035156,,2016-03-03,1257.4000244140625,421.6510009765625,97.56999969482422,,
1216,2016-10-28,126.3499984741211,16.190000534057617,37.7599983215332,,2016-03-04,1269.9000244140625,410.9389953613281,97.33999633789062,,
1217,2016-10-31,126.12000274658203,17.059999465942383,40.959999084472656,,2016-03-05,1269.9000244140625,400.57000732421875,97.33999633789062,,
1218,2016-11-01,124.45999908447266,18.559999465942383,40.08000183105469,,2016-03-06,1269.9000244140625,407.7070007324219,97.33999633789062,,
1219,2016-11-02,126.1500015258789,19.31999969482422,40.86000061035156,,2016-03-07,1263.199951171875,414.3210144042969,97.06999969482422,,
1220,2016-11-03,141.17999267578125,22.079999923706055,41.4900016784668,,2016-03-08,1262.0999755859375,413.97198486328125,97.20999908447266,,
1221,2016-11-04,133.02999877929688,22.510000228881836,43.689998626708984,,2016-03-09,1256.5999755859375,414.8599853515625,97.16999816894531,,
1222,2016-11-07,134.91000366210938,18.709999084472656,44.20000076293945,,2016-03-10,1272.0,417.1310119628906,96.06999969482422,,
1223,2016-11-08,135.60000610351562,18.739999771118164,43.560001373291016,,2016-03-11,1258.699951171875,421.69000244140625,96.16999816894531,,
1224,2016-11-09,134.61000061035156,14.380000114440918,41.25,,2016-03-12,1258.699951171875,411.6239929199219,96.16999816894531,,
1225,2016-11-10,127.0,14.739999771118164,42.439998626708984,,2016-03-13,1258.699951171875,414.06500244140625,96.16999816894531,,
1226,2016-11-11,121.70999908447266,14.170000076293945,45.310001373291016,,2016-03-14,1244.4000244140625,416.43798828125,96.62000274658203,,
1227,2016-11-14,122.70999908447266,14.479999542236328,50.16999816894531,,2016-03-15,1230.4000244140625,416.8299865722656,96.62999725341797,,
1228,2016-11-15,119.79000091552734,13.369999885559082,49.43000030517578,,2016-03-16,1229.300048828125,417.010986328125,95.88999938964844,,
1229,2016-11-16,123.7699966430664,13.720000267028809,50.09000015258789,,2016-03-17,1264.5,420.6210021972656,94.76000213623047,,
1230,2016-11-17,123.05999755859375,13.350000381469727,47.369998931884766,,2016-03-18,1253.800048828125,409.5480041503906,94.98999786376953,,
1231,2016-11-18,126.37999725341797,12.850000381469727,46.560001373291016,,2016-03-19,1253.800048828125,410.4440002441406,94.98999786376953,,
1232,2016-11-21,124.01000213623047,12.420000076293945,45.709999084472656,,2016-03-20,1253.800048828125,413.7550048828125,94.98999786376953,,
1233,2016-11-22,127.9800033569336,12.40999984741211,46.689998626708984,,2016-03-21,1243.800048828125,413.3070068359375,95.29000091552734,,
1234,2016-11-23,125.33000183105469,12.430000305175781,47.540000915527344,,2016-03-22,1248.199951171875,418.0889892578125,95.6500015258789,,
1235,2016-11-25,126.2699966430664,12.34000015258789,53.459999084472656,,2016-03-23,1223.699951171875,418.0409851074219,96.05000305175781,,
1236,2016-11-28,125.75,13.149999618530273,52.560001373291016,,2016-03-24,1221.4000244140625,416.3940124511719,96.13999938964844,,
1237,2016-11-29,128.30999755859375,12.899999618530273,55.09000015258789,,2016-03-25,1221.4000244140625,417.177001953125,96.13999938964844,,
1238,2016-11-30,126.38999938964844,13.329999923706055,44.25,,2016-03-26,1221.4000244140625,417.94500732421875,96.13999938964844,,
1239,2016-12-01,128.3699951171875,14.069999694824219,40.45000076293945,,2016-03-27,1221.4000244140625,426.7650146484375,96.13999938964844,,
1240,2016-12-02,128.99000549316406,14.119999885559082,35.5099983215332,,2016-03-28,1219.9000244140625,424.2309875488281,95.94000244140625,,
1241,2016-12-05,128.35000610351562,12.140000343322754,37.0,,2016-03-29,1235.5999755859375,416.5159912109375,95.16000366210938,,
1242,2016-12-06,130.9199981689453,11.789999961853027,37.11000061035156,,2016-03-30,1226.9000244140625,414.8160095214844,94.83999633789062,,
1243,2016-12-07,123.61000061035156,12.220000267028809,36.04999923706055,,2016-03-31,1234.199951171875,416.72900390625,94.58999633789062,,
1244,2016-12-08,119.08000183105469,12.640000343322754,35.029998779296875,,2016-04-01,1222.199951171875,417.9599914550781,94.62000274658203,,
1245,2016-12-09,119.51000213623047,11.75,35.209999084472656,,2016-04-02,1222.199951171875,420.87298583984375,94.62000274658203,,
1246,2016-12-12,123.27999877929688,12.640000343322754,30.299999237060547,,2016-04-03,1222.199951171875,420.90399169921875,94.62000274658203,,
1247,2016-12-13,119.33999633789062,12.720000267028809,31.350000381469727,,2016-04-04,1218.0,421.4440002441406,94.51000213623047,,
1248,2016-12-14,125.43000030517578,13.1899995803833,33.970001220703125,,2016-04-05,1228.4000244140625,424.0299987792969,94.62999725341797,,
1249,2016-12-15,129.44000244140625,12.789999961853027,33.58000183105469,,2016-04-06,1222.5,423.4129943847656,94.43000030517578,,
1250,2016-12-16,131.9499969482422,12.199999809265137,29.18000030517578,,2016-04-07,1236.199951171875,422.7449951171875,94.4800033569336,,
1251,2016-12-19,130.47000122070312,11.710000038146973,29.229999542236328,,2016-04-08,1242.5,420.3489990234375,94.23999786376953,,
1252,2016-12-20,122.08999633789062,11.449999809265137,27.43000030517578,,2016-04-09,1242.5,419.4110107421875,94.23999786376953,,
1253,2016-12-21,124.9000015258789,11.270000457763672,28.389999389648438,,2016-04-10,1242.5,421.5639953613281,94.23999786376953,,
1254,2016-12-22,128.02000427246094,11.430000305175781,30.290000915527344,,2016-04-11,1256.699951171875,422.4830017089844,93.94999694824219,,
1255,2016-12-23,120.51000213623047,11.4399995803833,29.899999618530273,,2016-04-12,1259.4000244140625,425.19000244140625,93.95999908447266,,
1256,2016-12-27,123.6500015258789,11.989999771118164,30.0,,2016-04-13,1246.800048828125,423.7340087890625,94.73999786376953,,
1257,2016-12-28,122.37000274658203,12.949999809265137,29.90999984741211,,2016-04-14,1225.0,424.2820129394531,94.9000015258789,,
1258,2016-12-29,124.56999969482422,13.369999885559082,30.010000228881836,,2016-04-15,1233.0999755859375,429.7130126953125,94.69999694824219,,
1259,2016-12-30,127.26000213623047,14.039999961853027,30.829999923706055,,2016-04-16,1233.0999755859375,430.5719909667969,94.69999694824219,,
1260,2017-01-03,125.79000091552734,12.850000381469727,32.880001068115234,,2016-04-17,1233.0999755859375,427.39898681640625,94.69999694824219,,
1261,2017-01-04,124.4000015258789,11.850000381469727,32.36000061035156,,2016-04-18,1233.5999755859375,428.59100341796875,94.48999786376953,,
1262,2017-01-05,128.2100067138672,11.670000076293945,31.559999465942383,,2016-04-19,1253.0,435.5090026855469,93.9800033569336,,
1263,2017-01-06,123.66999816894531,11.319999694824219,30.469999313354492,,2016-04-20,1253.199951171875,441.3890075683594,94.48999786376953,,
1264,2017-01-09,122.58999633789062,11.5600004196167,33.72999954223633,,2016-04-21,1249.0,449.42498779296875,94.5999984741211,,
1265,2017-01-10,121.83999633789062,11.489999771118164,33.61000061035156,,2016-04-22,1228.699951171875,445.73699951171875,95.12000274658203,,
1266,2017-01-11,123.05999755859375,11.260000228881836,32.95000076293945,,2016-04-23,1228.699951171875,450.2820129394531,95.12000274658203,,
1267,2017-01-12,126.22000122070312,11.539999961853027,32.369998931884766,,2016-04-24,1228.699951171875,458.55499267578125,95.12000274658203,,
1268,2017-01-13,132.32000732421875,11.229999542236328,30.729999542236328,,2016-04-25,1238.9000244140625,461.4259948730469,94.83999633789062,,
1269,2017-01-17,131.5500030517578,11.869999885559082,31.25,,2016-04-26,1242.199951171875,466.0889892578125,94.56999969482422,,
1270,2017-01-18,143.42999267578125,12.479999542236328,31.239999771118164,,2016-04-27,1249.199951171875,444.68701171875,94.38999938964844,,
1271,2017-01-19,141.02999877929688,12.779999732971191,30.8799991607666,,2016-04-28,1265.5,449.010986328125,93.76000213623047,,
1272,2017-01-20,146.3300018310547,11.539999961853027,29.190000534057617,,2016-04-29,1289.199951171875,455.09698486328125,93.08000183105469,,
1273,2017-01-23,137.77999877929688,11.770000457763672,30.790000915527344,,2016-04-30,1289.199951171875,448.3179931640625,93.08000183105469,,
1274,2017-01-24,138.16000366210938,11.069999694824219,29.59000015258789,,2016-05-01,1289.199951171875,451.875,93.08000183105469,,
1275,2017-01-25,128.8000030517578,10.8100004196167,30.40999984741211,,2016-05-02,1294.699951171875,444.66900634765625,92.62999725341797,,
1276,2017-01-26,129.5800018310547,10.630000114440918,29.59000015258789,,2016-05-03,1290.699951171875,450.3039855957031,92.94000244140625,,
1277,2017-01-27,129.9499969482422,10.579999923706055,29.780000686645508,,2016-05-04,1273.300048828125,446.72198486328125,93.18000030517578,,
1278,2017-01-30,134.32000732421875,11.880000114440918,30.940000534057617,,2016-05-05,1271.4000244140625,447.97601318359375,93.77999877929688,,
1279,2017-01-31,138.0800018310547,11.989999771118164,31.329999923706055,,2016-05-06,1292.9000244140625,459.6029968261719,93.88999938964844,,
1280,2017-02-01,133.97000122070312,11.8100004196167,30.649999618530273,,2016-05-07,1292.9000244140625,458.5360107421875,93.88999938964844,,
1281,2017-02-02,136.64999389648438,11.930000305175781,29.389999389648438,,2016-05-08,1292.9000244140625,458.5480041503906,93.88999938964844,,
1282,2017-02-03,133.25,10.970000267028809,28.110000610351562,,2016-05-09,1265.5999755859375,460.4830017089844,94.1500015258789,,
1283,2017-02-06,131.41000366210938,11.369999885559082,29.3700008392334,,2016-05-10,1263.9000244140625,450.8949890136719,94.29000091552734,,
1284,2017-02-07,130.4600067138672,11.289999961853027,29.610000610351562,,2016-05-11,1274.5999755859375,452.7279968261719,93.81999969482422,,
1285,2017-02-08,134.00999450683594,11.449999809265137,29.09000015258789,,2016-05-12,1270.300048828125,454.7659912109375,94.13999938964844,,
1286,2017-02-09,129.19000244140625,10.880000114440918,28.25,,2016-05-13,1271.9000244140625,455.6700134277344,94.61000061035156,,
1287,2017-02-10,130.47000122070312,10.850000381469727,26.43000030517578,,2016-05-14,1271.9000244140625,455.6709899902344,94.61000061035156,,
1288,2017-02-13,130.10000610351562,11.069999694824219,26.989999771118164,,2016-05-15,1271.9000244140625,457.5679931640625,94.61000061035156,,
1289,2017-02-14,133.66000366210938,10.739999771118164,27.489999771118164,,2016-05-16,1273.4000244140625,454.1629943847656,94.56999969482422,,
1290,2017-02-15,137.5500030517578,11.970000267028809,27.75,,2016-05-17,1276.199951171875,453.7829895019531,94.55000305175781,,
1291,2017-02-16,141.41000366210938,11.760000228881836,27.3700008392334,,2016-05-18,1273.699951171875,454.6189880371094,95.08000183105469,,
1292,2017-02-17,141.1300048828125,11.489999771118164,25.290000915527344,,2016-05-19,1254.199951171875,438.7149963378906,95.29000091552734,,
1293,2017-02-21,136.92999267578125,11.569999694824219,25.790000915527344,,2016-05-20,1252.4000244140625,442.6759948730469,95.30999755859375,,
1294,2017-02-22,138.24000549316406,11.739999771118164,27.09000015258789,,2016-05-21,1252.4000244140625,443.18798828125,95.30999755859375,,
1295,2017-02-23,137.91000366210938,11.710000038146973,25.790000915527344,,2016-05-22,1252.4000244140625,439.322998046875,95.30999755859375,,
1296,2017-02-24,138.66000366210938,11.470000267028809,25.719999313354492,,2016-05-23,1251.0999755859375,444.1549987792969,95.2300033569336,,
1297,2017-02-27,134.38999938964844,12.09000015258789,25.010000228881836,,2016-05-24,1228.9000244140625,445.9809875488281,95.56999969482422,,
1298,2017-02-28,131.97999572753906,12.920000076293945,25.459999084472656,,2016-05-25,1223.5,449.5989990234375,95.3499984741211,,
1299,2017-03-01,132.16000366210938,12.539999961853027,24.670000076293945,,2016-05-26,1220.0999755859375,453.3840026855469,95.16999816894531,,
1300,2017-03-02,133.36000061035156,11.8100004196167,25.940000534057617,,2016-05-27,1213.800048828125,473.4639892578125,95.5199966430664,,
1301,2017-03-03,136.10000610351562,10.960000038146973,25.59000015258789,,2016-05-28,1213.800048828125,530.0399780273438,95.5199966430664,,
1302,2017-03-06,140.1699981689453,11.239999771118164,26.959999084472656,,2016-05-29,1213.800048828125,526.2329711914062,95.5199966430664,,
1303,2017-03-07,138.85000610351562,11.449999809265137,26.459999084472656,,2016-05-30,1213.800048828125,533.864013671875,95.5199966430664,,
1304,2017-03-08,139.6300048828125,11.859999656677246,31.739999771118164,,2016-05-31,1214.800048828125,531.385986328125,95.88999938964844,,
1305,2017-03-09,139.47999572753906,12.300000190734863,31.979999542236328,,2016-06-01,1211.9000244140625,536.9199829101562,95.45999908447266,,
1306,2017-03-10,138.99000549316406,11.65999984741211,33.45000076293945,,2016-06-02,1209.800048828125,537.9719848632812,95.55999755859375,,
1307,2017-03-13,145.75,11.350000381469727,32.38999938964844,,2016-06-03,1240.0999755859375,569.1939697265625,94.02999877929688,,
1308,2017-03-14,146.11000061035156,12.300000190734863,33.189998626708984,,2016-06-04,1240.0999755859375,572.7269897460938,94.02999877929688,,
1309,2017-03-15,147.1999969482422,11.630000114440918,30.079999923706055,,2016-06-05,1240.0999755859375,574.9769897460938,94.02999877929688,,
1310,2017-03-16,149.49000549316406,11.210000038146973,28.6299991607666,,2016-06-06,1244.5999755859375,585.5369873046875,93.9000015258789,,
1311,2017-03-17,154.33999633789062,11.279999732971191,27.450000762939453,,2016-06-07,1244.4000244140625,576.5969848632812,93.83000183105469,,
1312,2017-03-20,152.92999267578125,11.34000015258789,28.110000610351562,,2016-06-08,1259.800048828125,581.64501953125,93.58999633789062,,
1313,2017-03-21,141.02000427246094,12.470000267028809,30.56999969482422,,2016-06-09,1270.199951171875,574.6300048828125,94.0999984741211,,
1314,2017-03-22,136.07000732421875,12.8100004196167,30.049999237060547,,2016-06-10,1273.4000244140625,577.469970703125,94.5999984741211,,
1315,2017-03-23,132.5399932861328,13.119999885559082,29.790000915527344,,2016-06-11,1273.4000244140625,606.7269897460938,94.5999984741211,,
1316,2017-03-24,136.6199951171875,12.960000038146973,30.989999771118164,,2016-06-12,1273.4000244140625,672.7839965820312,94.5999984741211,,
1317,2017-03-27,135.3699951171875,12.5,30.780000686645508,,2016-06-13,1284.4000244140625,704.3759765625,94.37000274658203,,
1318,2017-03-28,134.42999267578125,11.529999732971191,29.920000076293945,,2016-06-14,1285.5999755859375,685.5590209960938,94.93000030517578,,
1319,2017-03-29,132.3699951171875,11.420000076293945,28.540000915527344,,2016-06-15,1285.800048828125,694.468994140625,94.61000061035156,,
1320,2017-03-30,138.83999633789062,11.539999961853027,27.81999969482422,,2016-06-16,1296.0999755859375,766.3079833984375,94.56999969482422,,
1321,2017-03-31,138.30999755859375,12.369999885559082,27.59000015258789,,2016-06-17,1292.5,748.9089965820312,94.20999908447266,,
1322,2017-04-03,135.22999572753906,12.380000114440918,26.889999389648438,,2016-06-18,1292.5,756.2269897460938,94.20999908447266,,
1323,2017-04-04,132.27999877929688,11.789999961853027,27.969999313354492,,2016-06-19,1292.5,763.781005859375,94.20999908447266,,
1324,2017-04-05,130.91000366210938,12.890000343322754,27.729999542236328,,2016-06-20,1290.0,737.2260131835938,93.61000061035156,,
1325,2017-04-06,131.27000427246094,12.390000343322754,26.790000915527344,,2016-06-21,1270.5,666.6519775390625,94.0199966430664,,
1326,2017-04-07,132.6999969482422,12.869999885559082,27.459999084472656,,2016-06-22,1268.0,596.1160278320312,93.72000122070312,,
1327,2017-04-10,132.86000061035156,14.050000190734863,26.709999084472656,,2016-06-23,1261.199951171875,623.9769897460938,93.52999877929688,,
1328,2017-04-11,136.66000366210938,15.069999694824219,27.270000457763672,,2016-06-24,1320.0,665.2990112304688,95.44999694824219,,
1329,2017-04-12,131.92999267578125,15.770000457763672,26.920000076293945,,2016-06-25,1320.0,665.1229858398438,95.44999694824219,,
1330,2017-04-13,134.36000061035156,15.960000038146973,26.020000457763672,,2016-06-26,1320.0,629.3670043945312,95.44999694824219,,
1331,2017-04-17,139.6300048828125,14.65999984741211,25.799999237060547,,2016-06-27,1322.5,655.2750244140625,96.54000091552734,,
1332,2017-04-18,137.1999969482422,14.420000076293945,26.8799991607666,,2016-06-28,1315.300048828125,647.0009765625,96.25,,
1333,2017-04-19,140.1999969482422,14.930000305175781,29.809999465942383,,2016-06-29,1323.9000244140625,639.8900146484375,95.7699966430664,,
1334,2017-04-20,146.85000610351562,14.149999618530273,27.959999084472656,,2016-06-30,1318.4000244140625,673.3369750976562,96.13999938964844,,
1335,2017-04-21,148.4199981689453,14.630000114440918,30.059999465942383,,2016-07-01,1336.699951171875,676.2960205078125,95.6500015258789,,
1336,2017-04-24,144.4499969482422,10.84000015258789,29.8799991607666,,2016-07-02,1336.699951171875,703.7020263671875,95.6500015258789,,
1337,2017-04-25,139.0399932861328,10.760000228881836,29.389999389648438,,2016-07-03,1336.699951171875,658.6640014648438,95.6500015258789,,
1338,2017-04-26,142.1300048828125,10.850000381469727,29.31999969482422,,2016-07-04,1336.699951171875,683.6619873046875,95.6500015258789,,
1339,2017-04-27,142.5500030517578,10.359999656677246,29.8799991607666,,2016-07-05,1356.4000244140625,670.6270141601562,96.16999816894531,,
1340,2017-04-28,146.97999572753906,10.819999694824219,28.549999237060547,,2016-07-06,1364.9000244140625,677.3309936523438,96.05999755859375,,
1341,2017-05-01,128.4600067138672,10.109999656677246,29.420000076293945,,2016-07-07,1360.0999755859375,640.56201171875,96.33000183105469,,
1342,2017-05-02,127.48999786376953,10.59000015258789,32.22999954223633,,2016-07-08,1356.5999755859375,666.5230102539062,96.30000305175781,,
1343,2017-05-03,129.38999938964844,10.680000305175781,32.79999923706055,,2016-07-09,1356.5999755859375,650.9600219726562,96.30000305175781,,
1344,2017-05-04,130.47999572753906,10.460000038146973,34.66999816894531,,2016-07-10,1356.5999755859375,649.3599853515625,96.30000305175781,,
1345,2017-05-05,131.36000061035156,10.569999694824219,33.83000183105469,,2016-07-11,1355.0,647.6589965820312,96.56999969482422,,
1346,2017-05-08,128.1199951171875,9.770000457763672,33.849998474121094,,2016-07-12,1334.0999755859375,664.551025390625,96.44000244140625,,
1347,2017-05-09,128.27999877929688,9.960000038146973,34.209999084472656,,2016-07-13,1342.4000244140625,654.468017578125,96.22000122070312,,
1348,2017-05-10,128.27000427246094,10.210000038146973,34.02000045776367,,2016-07-14,1331.300048828125,658.0780029296875,96.08000183105469,,
1349,2017-05-11,128.2100067138672,10.600000381469727,33.720001220703125,,2016-07-15,1326.5,663.2550048828125,96.58000183105469,,
1350,2017-05-12,129.64999389648438,10.399999618530273,33.720001220703125,,2016-07-16,1326.5,660.7670288085938,96.58000183105469,,
1351,2017-05-15,129.44000244140625,10.420000076293945,33.099998474121094,,2016-07-17,1326.5,679.458984375,96.58000183105469,,
1352,2017-05-16,131.24000549316406,10.649999618530273,33.439998626708984,,2016-07-18,1328.4000244140625,673.1060180664062,96.55999755859375,,
1353,2017-05-17,133.50999450683594,15.59000015258789,33.900001525878906,,2016-07-19,1331.5,672.864013671875,97.05000305175781,,
1354,2017-05-18,137.00999450683594,14.65999984741211,32.79999923706055,,2016-07-20,1318.800048828125,665.6849975585938,97.19999694824219,,
1355,2017-05-19,131.38999938964844,12.039999961853027,29.760000228881836,,2016-07-21,1330.5,665.0120239257812,97.0,,
1356,2017-05-22,128.57000732421875,10.930000305175781,30.59000015258789,,2016-07-22,1323.0999755859375,650.6190185546875,97.47000122070312,,
1357,2017-05-23,124.54000091552734,10.720000267028809,31.770000457763672,,2016-07-23,1323.0999755859375,655.5560302734375,97.47000122070312,,
1358,2017-05-24,123.11000061035156,10.020000457763672,30.940000534057617,,2016-07-24,1323.0999755859375,661.2849731445312,97.47000122070312,,
1359,2017-05-25,123.6500015258789,9.989999771118164,33.029998779296875,,2016-07-25,1319.300048828125,654.0969848632812,97.29000091552734,,
1360,2017-05-26,125.41000366210938,9.8100004196167,30.040000915527344,,2016-07-26,1320.699951171875,651.7839965820312,97.16000366210938,,
1361,2017-05-30,125.37000274658203,10.380000114440918,30.299999237060547,,2016-07-27,1326.5999755859375,654.3519897460938,97.05000305175781,,
1362,2017-05-31,125.11000061035156,10.40999984741211,32.290000915527344,,2016-07-28,1332.300048828125,655.0349731445312,96.73999786376953,,
1363,2017-06-01,124.55000305175781,9.890000343322754,31.190000534057617,,2016-07-29,1349.0,656.9920043945312,95.52999877929688,,
1364,2017-06-02,124.2300033569336,9.75,32.470001220703125,,2016-07-30,1349.0,655.0469970703125,95.52999877929688,,
1365,2017-06-05,125.05000305175781,10.069999694824219,33.709999084472656,,2016-07-31,1349.0,624.6810302734375,95.52999877929688,,
1366,2017-06-06,125.72000122070312,10.449999809265137,32.119998931884766,,2016-08-01,1351.4000244140625,606.27197265625,95.70999908447266,,
1367,2017-06-07,125.9800033569336,10.390000343322754,34.22999954223633,,2016-08-02,1364.4000244140625,547.4650268554688,95.05999755859375,,
1368,2017-06-08,127.08999633789062,10.15999984741211,33.84000015258789,,2016-08-03,1356.0999755859375,566.35498046875,95.55999755859375,,
1369,2017-06-09,131.25999450683594,10.699999809265137,32.59000015258789,,2016-08-04,1358.800048828125,578.2890014648438,95.76000213623047,,
1370,2017-06-12,136.86000061035156,11.460000038146973,33.95000076293945,,2016-08-05,1336.4000244140625,575.0430297851562,96.19000244140625,,
1371,2017-06-13,136.41000366210938,10.420000076293945,32.34000015258789,,2016-08-06,1336.4000244140625,587.7780151367188,96.19000244140625,,
1372,2017-06-14,135.88999938964844,10.640000343322754,32.02000045776367,,2016-08-07,1336.4000244140625,592.6900024414062,96.19000244140625,,
1373,2017-06-15,134.1199951171875,10.899999618530273,31.899999618530273,,2016-08-08,1333.4000244140625,591.0540161132812,96.4000015258789,,
1374,2017-06-16,135.02000427246094,10.380000114440918,27.93000030517578,,2016-08-09,1339.0,587.801025390625,96.18000030517578,,
1375,2017-06-19,138.77000427246094,10.369999885559082,30.34000015258789,,2016-08-10,1344.300048828125,592.10302734375,95.6500015258789,,
1376,2017-06-20,133.3699951171875,10.859999656677246,32.4900016784668,,2016-08-11,1342.5,589.1199951171875,95.86000061035156,,
1377,2017-06-21,129.88999938964844,10.75,33.31999969482422,,2016-08-12,1335.800048828125,587.5590209960938,95.72000122070312,,
1378,2017-06-22,130.86000061035156,10.479999542236328,32.650001525878906,,2016-08-13,1335.800048828125,585.5880126953125,95.72000122070312,,
1379,2017-06-23,132.75999450683594,10.020000457763672,31.920000076293945,,2016-08-14,1335.800048828125,570.4730224609375,95.72000122070312,,
1380,2017-06-26,128.60000610351562,9.899999618530273,31.770000457763672,,2016-08-15,1340.300048828125,567.239990234375,95.62999725341797,,
1381,2017-06-27,125.45999908447266,11.0600004196167,32.279998779296875,,2016-08-16,1350.5,577.4390258789062,94.79000091552734,,
1382,2017-06-28,126.94999694824219,10.029999732971191,30.799999237060547,,2016-08-17,1342.699951171875,573.2160034179688,94.72000122070312,,
1383,2017-06-29,129.14999389648438,11.4399995803833,30.459999084472656,,2016-08-18,1351.199951171875,574.3179931640625,94.16000366210938,,
1384,2017-06-30,129.50999450683594,11.180000305175781,28.700000762939453,,2016-08-19,1340.4000244140625,575.6300048828125,94.51000213623047,,
1385,2017-07-03,126.62999725341797,11.220000267028809,30.260000228881836,,2016-08-20,1340.4000244140625,581.697021484375,94.51000213623047,,
1386,2017-07-05,128.6699981689453,11.069999694824219,32.61000061035156,,2016-08-21,1340.4000244140625,581.3079833984375,94.51000213623047,,
1387,2017-07-06,127.25,12.539999961853027,32.81999969482422,,2016-08-22,1337.699951171875,586.7529907226562,94.5199966430664,,
1388,2017-07-07,131.5800018310547,11.1899995803833,33.16999816894531,,2016-08-23,1340.5999755859375,583.4149780273438,94.54000091552734,,
1389,2017-07-10,133.39999389648438,11.109999656677246,33.22999954223633,,2016-08-24,1324.4000244140625,580.1820068359375,94.79000091552734,,
1390,2017-07-11,132.75,10.890000343322754,33.61000061035156,,2016-08-25,1320.0999755859375,577.760986328125,94.7699966430664,,
1391,2017-07-12,134.9499969482422,10.300000190734863,32.47999954223633,,2016-08-26,1321.5,579.6510009765625,95.56999969482422,,
1392,2017-07-13,138.35000610351562,9.899999618530273,31.760000228881836,,2016-08-27,1321.5,569.947021484375,95.56999969482422,,
1393,2017-07-14,137.7100067138672,9.510000228881836,30.280000686645508,,2016-08-28,1321.5,573.9119873046875,95.56999969482422,,
1394,2017-07-17,139.8699951171875,9.819999694824219,30.610000610351562,,2016-08-29,1322.9000244140625,574.1069946289062,95.58000183105469,,
1395,2017-07-18,137.52999877929688,9.890000343322754,29.959999084472656,,2016-08-30,1311.699951171875,577.5029907226562,96.05000305175781,,
1396,2017-07-19,136.8800048828125,9.789999961853027,29.549999237060547,,2016-08-31,1306.9000244140625,575.4719848632812,96.0199966430664,,
1397,2017-07-20,130.8800048828125,9.579999923706055,29.25,,2016-09-01,1312.199951171875,572.302978515625,95.6500015258789,,
1398,2017-07-21,134.52999877929688,9.359999656677246,29.25,,2016-09-02,1322.0999755859375,575.5369873046875,95.87999725341797,,
1399,2017-07-24,132.6699981689453,9.430000305175781,29.239999771118164,,2016-09-03,1322.0999755859375,598.2119750976562,95.87999725341797,,
1400,2017-07-25,135.61000061035156,9.430000305175781,29.18000030517578,,2016-09-04,1322.0999755859375,608.6339721679688,95.87999725341797,,
1401,2017-07-26,135.61000061035156,9.600000381469727,29.440000534057617,,2016-09-05,1322.0999755859375,606.5900268554688,95.87999725341797,,
1402,2017-07-27,140.80999755859375,10.109999656677246,29.809999465942383,,2016-09-06,1349.4000244140625,610.4359741210938,94.81999969482422,,
1403,2017-07-28,139.91000366210938,10.289999961853027,29.860000610351562,,2016-09-07,1344.300048828125,614.5440063476562,94.95999908447266,,
1404,2017-07-31,139.82000732421875,10.260000228881836,30.84000015258789,,2016-09-08,1336.800048828125,626.3159790039062,95.02999877929688,,
1405,2017-08-01,138.72000122070312,10.09000015258789,30.540000915527344,,2016-09-09,1330.0999755859375,622.8610229492188,95.33999633789062,,
1406,2017-08-02,142.02000427246094,10.279999732971191,30.43000030517578,,2016-09-10,1330.0999755859375,623.5089721679688,95.33999633789062,,
1407,2017-08-03,138.32000732421875,10.4399995803833,29.649999618530273,,2016-09-11,1330.0999755859375,606.718994140625,95.33999633789062,,
1408,2017-08-04,139.80999755859375,10.029999732971191,28.530000686645508,,2016-09-12,1321.0,608.2429809570312,95.0999984741211,,
1409,2017-08-07,138.91000366210938,9.930000305175781,28.729999542236328,,2016-09-13,1319.0,609.2410278320312,95.62999725341797,,
1410,2017-08-08,140.0500030517578,10.960000038146973,29.440000534057617,,2016-09-14,1321.5,610.6840209960938,95.33000183105469,,
1411,2017-08-09,141.1999969482422,11.109999656677246,29.059999465942383,,2016-09-15,1313.5,607.155029296875,95.29000091552734,,
1412,2017-08-10,136.47999572753906,16.040000915527344,29.270000457763672,,2016-09-16,1305.800048828125,606.9730224609375,96.11000061035156,,
1413,2017-08-11,135.42999267578125,15.510000228881836,28.40999984741211,,2016-09-17,1305.800048828125,605.9840087890625,96.11000061035156,,
1414,2017-08-14,142.07000732421875,12.329999923706055,29.15999984741211,,2016-09-18,1305.800048828125,609.8740234375,96.11000061035156,,
1415,2017-08-15,143.22999572753906,12.039999961853027,29.309999465942383,,2016-09-19,1313.5,609.2269897460938,95.83999633789062,,
1416,2017-08-16,143.22999572753906,11.739999771118164,29.18000030517578,,2016-09-20,1313.699951171875,608.31201171875,96.0199966430664,,
1417,2017-08-17,142.72999572753906,15.550000190734863,29.309999465942383,,2016-09-21,1326.9000244140625,597.1489868164062,95.66000366210938,,
1418,2017-08-18,128.86000061035156,14.260000228881836,27.530000686645508,,2016-09-22,1340.4000244140625,596.2979736328125,95.44999694824219,,
1419,2017-08-21,131.61000061035156,13.1899995803833,28.770000457763672,,2016-09-23,1337.199951171875,602.8419799804688,95.4800033569336,,
1420,2017-08-22,135.72000122070312,11.350000381469727,27.969999313354492,,2016-09-24,1337.199951171875,602.625,95.4800033569336,,
1421,2017-08-23,129.97999572753906,12.25,27.799999237060547,,2016-09-25,1337.199951171875,600.8259887695312,95.4800033569336,,
1422,2017-08-24,129.9499969482422,12.229999542236328,28.3700008392334,,2016-09-26,1339.699951171875,608.0430297851562,95.30999755859375,,
1423,2017-08-25,130.16000366210938,11.279999732971191,28.8799991607666,,2016-09-27,1325.9000244140625,606.166015625,95.44000244140625,,
1424,2017-08-28,128.32000732421875,11.319999694824219,30.389999389648438,,2016-09-28,1319.4000244140625,604.72802734375,95.43000030517578,,
1425,2017-08-29,131.47999572753906,11.699999809265137,30.489999771118164,,2016-09-29,1321.699951171875,605.6929931640625,95.54000091552734,,
1426,2017-08-30,130.52999877929688,11.220000267028809,29.780000686645508,,2016-09-30,1313.300048828125,609.7349853515625,95.45999908447266,,
1427,2017-08-31,134.0,10.59000015258789,29.100000381469727,,2016-10-01,1313.300048828125,613.9829711914062,95.45999908447266,,
1428,2017-09-01,134.85000610351562,10.130000114440918,28.969999313354492,,2016-10-02,1313.300048828125,610.8920288085938,95.45999908447266,,
1429,2017-09-05,133.47999572753906,12.229999542236328,29.579999923706055,,2016-10-03,1309.0,612.1329956054688,95.75,,
1430,2017-09-06,136.47999572753906,11.630000114440918,30.06999969482422,,2016-10-04,1266.300048828125,610.2039794921875,96.12000274658203,,
1431,2017-09-07,135.38999938964844,11.550000190734863,29.729999542236328,,2016-10-05,1265.199951171875,612.510986328125,96.12999725341797,,
1432,2017-09-08,130.57000732421875,12.119999885559082,29.489999771118164,,2016-10-06,1249.800048828125,613.02099609375,96.66000366210938,,
1433,2017-09-11,136.9600067138672,10.729999542236328,27.729999542236328,,2016-10-07,1248.9000244140625,617.1209716796875,96.5199966430664,,
1434,2017-09-12,139.60000610351562,10.579999923706055,27.59000015258789,,2016-10-08,1248.9000244140625,619.1079711914062,96.5199966430664,,
1435,2017-09-13,142.74000549316406,10.5,26.6200008392334,,2016-10-09,1248.9000244140625,616.7520141601562,96.5199966430664,,
1436,2017-09-14,142.74000549316406,10.4399995803833,26.09000015258789,,2016-10-10,1248.9000244140625,618.9940185546875,96.5199966430664,,
1437,2017-09-15,144.5399932861328,10.170000076293945,26.649999618530273,,2016-10-11,1253.0,641.072021484375,97.69999694824219,,
1438,2017-09-18,143.64999389648438,10.149999618530273,27.530000686645508,,2016-10-12,1251.0999755859375,636.1920166015625,97.97000122070312,,
1439,2017-09-19,142.63999938964844,10.180000305175781,25.760000228881836,,2016-10-13,1255.0,636.7860107421875,97.5199966430664,,
1440,2017-09-20,138.94000244140625,9.779999732971191,26.989999771118164,,2016-10-14,1253.0999755859375,640.3779907226562,98.0199966430664,,
1441,2017-09-21,137.8699951171875,9.670000076293945,26.299999237060547,,2016-10-15,1253.0999755859375,638.64599609375,98.0199966430664,,
1442,2017-09-22,137.5,9.59000015258789,26.389999389648438,,2016-10-16,1253.0999755859375,641.6309814453125,98.0199966430664,,
1443,2017-09-25,135.07000732421875,10.210000038146973,26.93000030517578,,2016-10-17,1254.4000244140625,639.1929931640625,97.88999938964844,,
1444,2017-09-26,134.25,10.170000076293945,27.799999237060547,,2016-10-18,1260.800048828125,637.9600219726562,97.9000015258789,,
1445,2017-09-27,129.49000549316406,9.869999885559082,27.290000915527344,,2016-10-19,1267.9000244140625,630.52001953125,97.87000274658203,,
1446,2017-09-28,132.99000549316406,9.550000190734863,27.18000030517578,,2016-10-20,1265.5999755859375,630.8569946289062,98.31999969482422,,
1447,2017-09-29,137.75,9.510000228881836,26.829999923706055,,2016-10-21,1265.9000244140625,632.8280029296875,98.69999694824219,,
1448,2017-10-02,138.02000427246094,9.449999809265137,27.719999313354492,,2016-10-22,1265.9000244140625,657.2940063476562,98.69999694824219,,
1449,2017-10-03,137.14999389648438,9.510000228881836,27.950000762939453,,2016-10-23,1265.9000244140625,657.0709838867188,98.69999694824219,,
1450,2017-10-04,144.19000244140625,9.630000114440918,27.040000915527344,,2016-10-24,1262.0,653.760986328125,98.66999816894531,,
1451,2017-10-05,140.3300018310547,9.1899995803833,26.450000762939453,,2016-10-25,1271.9000244140625,657.5880126953125,98.72000122070312,,
1452,2017-10-06,140.35000610351562,9.649999618530273,27.59000015258789,,2016-10-26,1264.800048828125,678.3040161132812,98.62999725341797,,
1453,2017-10-09,139.8300018310547,10.329999923706055,27.31999969482422,,2016-10-27,1267.9000244140625,688.31298828125,98.88999938964844,,
1454,2017-10-10,139.24000549316406,10.079999923706055,26.540000915527344,,2016-10-28,1275.5,689.6510009765625,98.3499984741211,,
1455,2017-10-11,138.74000549316406,9.850000381469727,26.43000030517578,,2016-10-29,1275.5,714.47900390625,98.3499984741211,,
1456,2017-10-12,136.36000061035156,9.90999984741211,25.850000381469727,,2016-10-30,1275.5,701.864013671875,98.3499984741211,,
1457,2017-10-13,138.27999877929688,9.609999656677246,25.729999542236328,,2016-10-31,1271.5,700.9719848632812,98.44999694824219,,
1458,2017-10-16,147.52999877929688,9.90999984741211,26.31999969482422,,2016-11-01,1286.4000244140625,729.7930297851562,97.69999694824219,,
1459,2017-10-17,150.1199951171875,10.3100004196167,25.8700008392334,,2016-11-02,1306.800048828125,740.8289794921875,97.4000015258789,,
1460,2017-10-18,147.9499969482422,10.069999694824219,26.40999984741211,,2016-11-03,1302.0999755859375,688.7000122070312,97.16000366210938,,
1461,2017-10-19,146.16000366210938,10.050000190734863,26.299999237060547,,2016-11-04,1303.300048828125,703.2349853515625,97.06999969482422,,
1462,2017-10-20,148.80999755859375,9.970000267028809,24.510000228881836,,2016-11-05,1303.300048828125,703.4180297851562,97.06999969482422,,
1463,2017-10-23,142.4600067138672,11.069999694824219,25.079999923706055,,2016-11-06,1303.300048828125,711.52197265625,97.06999969482422,,
1464,2017-10-24,142.14999389648438,11.15999984741211,25.600000381469727,,2016-11-07,1278.300048828125,703.1309814453125,97.77999877929688,,
1465,2017-10-25,138.0,11.229999542236328,25.440000534057617,,2016-11-08,1273.4000244140625,709.8480224609375,97.86000061035156,,
1466,2017-10-26,135.36000061035156,11.300000190734863,25.219999313354492,,2016-11-09,1272.5999755859375,723.2730102539062,98.5,,
1467,2017-10-27,135.6999969482422,9.800000190734863,25.18000030517578,,2016-11-10,1265.5,715.5339965820312,98.79000091552734,,
1468,2017-10-30,132.5399932861328,10.5,25.329999923706055,,2016-11-11,1265.5,716.4110107421875,98.79000091552734,,
1469,2017-10-31,131.80999755859375,10.180000305175781,25.309999465942383,,2016-11-12,1265.5,705.0540161132812,98.79000091552734,,
1470,2017-11-01,129.0500030517578,10.199999809265137,25.649999618530273,,2016-11-13,1265.5,702.031005859375,98.79000091552734,,
1471,2017-11-02,128.97000122070312,9.930000305175781,25.649999618530273,,2016-11-14,1221.199951171875,705.02099609375,100.11000061035156,,
1472,2017-11-03,130.33999633789062,9.140000343322754,24.81999969482422,,2016-11-15,1224.0,711.6190185546875,100.19000244140625,,
1473,2017-11-06,130.52000427246094,9.399999618530273,26.850000381469727,,2016-11-16,1223.4000244140625,744.197998046875,100.41000366210938,,
1474,2017-11-07,129.14999389648438,9.890000343322754,28.75,,2016-11-17,1216.5,740.9769897460938,100.88999938964844,,
1475,2017-11-08,131.5,9.779999732971191,27.989999771118164,,2016-11-18,1208.5,751.5850219726562,101.20999908447266,,
1476,2017-11-09,128.9499969482422,10.5,28.3700008392334,,2016-11-19,1208.5,751.6160278320312,101.20999908447266,,
1477,2017-11-10,130.55999755859375,11.289999961853027,29.399999618530273,,2016-11-20,1208.5,731.0260009765625,101.20999908447266,,
1478,2017-11-13,129.75,11.5,30.219999313354492,,2016-11-21,1209.5999755859375,739.2479858398438,101.05000305175781,,
1479,2017-11-14,130.14999389648438,11.59000015258789,30.079999923706055,,2016-11-22,1211.0,751.3469848632812,101.04000091552734,,
1480,2017-11-15,135.2100067138672,13.130000114440918,29.84000015258789,,2016-11-23,1189.0999755859375,744.593994140625,101.69999694824219,,
1481,2017-11-16,136.3000030517578,11.760000228881836,28.420000076293945,,2016-11-24,1189.0999755859375,740.2890014648438,101.69999694824219,,
1482,2017-11-17,137.19000244140625,11.430000305175781,26.959999084472656,,2016-11-25,1178.199951171875,741.6489868164062,101.48999786376953,,
1483,2017-11-20,135.8300018310547,10.649999618530273,27.18000030517578,,2016-11-26,1178.199951171875,735.3820190429688,101.48999786376953,,
1484,2017-11-21,133.55999755859375,9.729999542236328,26.639999389648438,,2016-11-27,1178.199951171875,732.0349731445312,101.48999786376953,,
1485,2017-11-22,132.52000427246094,9.880000114440918,26.829999923706055,,2016-11-28,1190.5999755859375,735.81298828125,101.33000183105469,,
1486,2017-11-24,130.97999572753906,9.670000076293945,26.8799991607666,,2016-11-29,1187.9000244140625,735.60400390625,100.93000030517578,,
1487,2017-11-27,130.17999267578125,9.869999885559082,28.360000610351562,,2016-11-30,1170.800048828125,745.6909790039062,101.5,,
1488,2017-11-28,124.08000183105469,10.029999732971191,28.1299991607666,,2016-12-01,1166.9000244140625,756.7739868164062,101.04000091552734,,
1489,2017-11-29,126.27999877929688,10.699999809265137,28.020000457763672,,2016-12-02,1175.0999755859375,777.9439697265625,100.7699966430664,,
1490,2017-11-30,128.89999389648438,11.279999732971191,25.950000762939453,,2016-12-03,1175.0999755859375,771.155029296875,100.7699966430664,,
1491,2017-12-01,128.8300018310547,11.430000305175781,23.729999542236328,,2016-12-04,1175.0999755859375,773.8720092773438,100.7699966430664,,
1492,2017-12-04,132.13999938964844,11.680000305175781,23.68000030517578,,2016-12-05,1174.0,758.7000122070312,100.13999938964844,,
1493,2017-12-05,132.07000732421875,11.329999923706055,23.1299991607666,,2016-12-06,1167.5999755859375,764.2239990234375,100.48999786376953,,
1494,2017-12-06,130.97999572753906,11.020000457763672,23.1299991607666,,2016-12-07,1175.0,768.1320190429688,100.2300033569336,,
1495,2017-12-07,130.83999633789062,10.15999984741211,23.1299991607666,,2016-12-08,1169.800048828125,770.8099975585938,101.06999969482422,,
1496,2017-12-08,132.5399932861328,9.579999923706055,23.850000381469727,,2016-12-09,1159.4000244140625,772.7940063476562,101.56999969482422,,
1497,2017-12-11,133.97999572753906,9.34000015258789,22.959999084472656,,2016-12-10,1159.4000244140625,774.6500244140625,101.56999969482422,,
1498,2017-12-12,133.02000427246094,9.920000076293945,22.84000015258789,,2016-12-11,1159.4000244140625,769.7310180664062,101.56999969482422,,
1499,2017-12-13,134.7100067138672,10.180000305175781,23.489999771118164,,2016-12-12,1163.5,780.0869750976562,100.95999908447266,,
1500,2017-12-14,134.02999877929688,10.489999771118164,23.0,,2016-12-13,1156.699951171875,780.5560302734375,101.02999877929688,,
1501,2017-12-15,135.72999572753906,9.420000076293945,21.25,,2016-12-14,1161.300048828125,781.4810180664062,102.0,,
1502,2017-12-18,132.72000122070312,9.529999732971191,18.43000030517578,,2016-12-15,1127.800048828125,778.0880126953125,103.12999725341797,,
1503,2017-12-19,130.69000244140625,10.029999732971191,18.8799991607666,,2016-12-16,1135.300048828125,784.906982421875,102.94999694824219,,
1504,2017-12-20,133.14999389648438,9.720000267028809,19.459999084472656,,2016-12-17,1135.300048828125,790.8289794921875,102.94999694824219,,
1505,2017-12-21,132.6300048828125,9.619999885559082,17.860000610351562,,2016-12-18,1135.300048828125,790.530029296875,102.94999694824219,,
1506,2017-12-22,134.39999389648438,9.899999618530273,19.260000228881836,,2016-12-19,1140.5,792.7139892578125,103.13999938964844,,
1507,2017-12-26,135.60000610351562,10.25,20.989999771118164,,2016-12-20,1131.5,800.8759765625,103.29000091552734,,
1508,2017-12-27,138.42999267578125,10.470000267028809,20.639999389648438,,2016-12-21,1131.0999755859375,834.281005859375,103.0199966430664,,
1509,2017-12-28,137.82000732421875,10.180000305175781,20.709999084472656,,2016-12-22,1128.800048828125,864.5399780273438,103.08999633789062,,
1510,2017-12-29,137.0500030517578,11.039999961853027,21.31999969482422,,2016-12-23,1131.9000244140625,921.9840087890625,103.01000213623047,,
1511,2018-01-02,135.3699951171875,9.770000457763672,22.729999542236328,,2016-12-24,1131.9000244140625,898.822021484375,103.01000213623047,,
1512,2018-01-03,133.42999267578125,9.149999618530273,22.75,,2016-12-25,1131.9000244140625,896.1829833984375,103.01000213623047,,
1513,2018-01-04,131.24000549316406,9.220000267028809,22.1200008392334,,2016-12-26,1131.9000244140625,907.6099853515625,103.01000213623047,,
1514,2018-01-05,127.02999877929688,9.220000267028809,22.299999237060547,,2016-12-27,1137.300048828125,933.197998046875,103.0199966430664,,
1515,2018-01-08,128.0,9.520000457763672,21.899999618530273,,2016-12-28,1139.4000244140625,975.9210205078125,103.26000213623047,,
1516,2018-01-09,126.37000274658203,10.079999923706055,22.959999084472656,,2016-12-29,1156.4000244140625,973.4970092773438,102.68000030517578,,
1517,2018-01-10,129.1199951171875,9.819999694824219,23.520000457763672,,2016-12-30,1150.0,961.2379760742188,102.38999938964844,,
1518,2018-01-11,126.0999984741211,9.880000114440918,23.520000457763672,,2016-12-31,1150.0,963.7429809570312,102.38999938964844,,
1519,2018-01-12,124.94999694824219,10.15999984741211,23.520000457763672,,2017-01-01,1150.0,998.3250122070312,102.38999938964844,,
1520,2018-01-16,128.64999389648438,11.65999984741211,26.40999984741211,,2017-01-02,1150.0,1021.75,102.38999938964844,,
1521,2018-01-17,136.19000244140625,11.90999984741211,24.700000762939453,,2017-01-03,1160.4000244140625,1043.8399658203125,103.20999908447266,,
1522,2018-01-18,131.41000366210938,12.220000267028809,24.3799991607666,,2017-01-04,1163.800048828125,1154.72998046875,102.69999694824219,,
1523,2018-01-19,132.27999877929688,11.270000457763672,21.200000762939453,,2017-01-05,1179.699951171875,1013.3800048828125,101.5199966430664,,
1524,2018-01-22,127.18000030517578,11.029999732971191,22.030000686645508,,2017-01-06,1171.9000244140625,902.2009887695312,102.22000122070312,,
1525,2018-01-23,122.94999694824219,11.100000381469727,22.34000015258789,,2017-01-07,1171.9000244140625,908.5850219726562,102.22000122070312,,
1526,2018-01-24,120.19999694824219,11.470000267028809,23.93000030517578,,2017-01-08,1171.9000244140625,911.198974609375,102.22000122070312,,
1527,2018-01-25,121.87000274658203,11.579999923706055,22.350000381469727,,2017-01-09,1183.5,902.8280029296875,101.93000030517578,,
1528,2018-01-26,117.98999786376953,11.079999923706055,22.290000915527344,,2017-01-10,1184.199951171875,907.6790161132812,102.01000213623047,,
1529,2018-01-29,118.80000305175781,13.84000015258789,22.729999542236328,,2017-01-11,1195.5999755859375,777.7570190429688,101.77999877929688,,
1530,2018-01-30,122.8499984741211,14.789999961853027,22.899999618530273,,2017-01-12,1198.9000244140625,804.833984375,101.3499984741211,,
1531,2018-01-31,121.2300033569336,13.539999961853027,22.229999542236328,,2017-01-13,1195.300048828125,823.9840087890625,101.18000030517578,,
1532,2018-02-01,120.58999633789062,13.470000267028809,22.239999771118164,,2017-01-14,1195.300048828125,818.4119873046875,101.18000030517578,,
1533,2018-02-02,126.44999694824219,17.309999465942383,23.799999237060547,,2017-01-15,1195.300048828125,821.7979736328125,101.18000030517578,,
1534,2018-02-05,126.44999694824219,37.31999969482422,25.90999984741211,,2017-01-16,1195.300048828125,831.5339965820312,101.18000030517578,,
1535,2018-02-06,129.61000061035156,29.979999542236328,26.59000015258789,,2017-01-17,1212.0,907.93798828125,100.33000183105469,,
1536,2018-02-07,136.89999389648438,27.729999542236328,26.790000915527344,,2017-01-18,1211.300048828125,886.6179809570312,100.93000030517578,,
1537,2018-02-08,130.9199981689453,33.459999084472656,29.5,,2017-01-19,1200.9000244140625,899.072998046875,101.1500015258789,,
1538,2018-02-09,128.50999450683594,29.059999465942383,29.850000381469727,,2017-01-20,1204.300048828125,895.0260009765625,100.73999786376953,,
1539,2018-02-12,148.02000427246094,25.610000610351562,29.420000076293945,,2017-01-21,1204.300048828125,921.7890014648438,100.73999786376953,,
1540,2018-02-13,143.07000732421875,24.969999313354492,30.389999389648438,,2017-01-22,1204.300048828125,924.6729736328125,100.73999786376953,,
1541,2018-02-14,127.83999633789062,19.260000228881836,27.729999542236328,,2017-01-23,1215.0,921.0120239257812,100.16000366210938,,
1542,2018-02-15,131.6699981689453,19.1299991607666,27.56999969482422,,2017-01-24,1210.300048828125,892.68701171875,100.3499984741211,,
1543,2018-02-16,131.6699981689453,19.459999084472656,26.969999313354492,,2017-01-25,1197.300048828125,901.5419921875,100.02999877929688,,
1544,2018-02-20,131.6300048828125,20.600000381469727,27.579999923706055,,2017-01-26,1189.5,917.5859985351562,100.37999725341797,,
1545,2018-02-21,130.02999877929688,20.020000457763672,26.93000030517578,,2017-01-27,1188.0999755859375,919.75,100.52999877929688,,
1546,2018-02-22,134.30999755859375,18.719999313354492,24.979999542236328,,2017-01-28,1188.0999755859375,921.5900268554688,100.52999877929688,,
1547,2018-02-23,139.1999969482422,16.489999771118164,24.3700008392334,,2017-01-29,1188.0999755859375,919.4959716796875,100.52999877929688,,
1548,2018-02-26,131.72000122070312,15.800000190734863,24.360000610351562,,2017-01-30,1193.199951171875,920.3820190429688,100.43000030517578,,
1549,2018-02-27,132.27000427246094,18.59000015258789,25.290000915527344,,2017-01-31,1208.5999755859375,970.4030151367188,99.51000213623047,,
1550,2018-02-28,138.9499969482422,19.850000381469727,26.920000076293945,,2017-02-01,1205.5999755859375,989.0230102539062,99.63999938964844,,
1551,2018-03-01,136.5399932861328,22.469999313354492,26.979999542236328,,2017-02-02,1216.699951171875,1011.7999877929688,99.8499984741211,,
1552,2018-03-02,127.4800033569336,19.59000015258789,26.149999618530273,,2017-02-03,1218.5,1029.9100341796875,99.87000274658203,,
1553,2018-03-05,130.1199951171875,18.729999542236328,26.299999237060547,,2017-02-04,1218.5,1042.9000244140625,99.87000274658203,,
1554,2018-03-06,128.41000366210938,18.360000610351562,25.549999237060547,,2017-02-05,1218.5,1027.3399658203125,99.87000274658203,,
1555,2018-03-07,128.1699981689453,17.760000228881836,26.940000534057617,,2017-02-06,1230.0,1038.1500244140625,99.91000366210938,,
1556,2018-03-08,129.6199951171875,16.540000915527344,26.15999984741211,,2017-02-07,1234.199951171875,1061.3499755859375,100.26000213623047,,
1557,2018-03-09,127.79000091552734,14.640000343322754,26.229999542236328,,2017-02-08,1237.5999755859375,1063.0699462890625,100.27999877929688,,
1558,2018-03-12,141.97999572753906,15.779999732971191,24.020000457763672,,2017-02-09,1235.0999755859375,994.3829956054688,100.6500015258789,,
1559,2018-03-13,140.42999267578125,16.350000381469727,25.5,,2017-02-10,1234.4000244140625,988.6740112304688,100.80000305175781,,
1560,2018-03-14,141.66000366210938,17.229999542236328,25.209999084472656,,2017-02-11,1234.4000244140625,1004.4500122070312,100.80000305175781,,
1561,2018-03-15,146.5500030517578,16.59000015258789,25.06999969482422,,2017-02-12,1234.4000244140625,999.1810302734375,100.80000305175781,,
1562,2018-03-16,147.35000610351562,15.800000190734863,24.530000686645508,,2017-02-13,1224.4000244140625,990.6420288085938,100.95999908447266,,
1563,2018-03-19,143.9600067138672,19.020000457763672,25.280000686645508,,2017-02-14,1223.9000244140625,1004.5499877929688,101.25,,
1564,2018-03-20,139.52000427246094,18.200000762939453,25.299999237060547,,2017-02-15,1231.699951171875,1007.47998046875,101.18000030517578,,
1565,2018-03-21,139.52000427246094,17.860000610351562,25.950000762939453,,2017-02-16,1240.0,1027.43994140625,100.44000244140625,,
1566,2018-03-22,131.52000427246094,23.34000015258789,26.469999313354492,,2017-02-17,1237.5999755859375,1046.2099609375,100.94999694824219,,
1567,2018-03-23,130.7899932861328,24.8700008392334,27.559999465942383,,2017-02-18,1237.5999755859375,1054.4200439453125,100.94999694824219,,
1568,2018-03-26,128.9600067138672,21.030000686645508,27.709999084472656,,2017-02-19,1237.5999755859375,1047.8699951171875,100.94999694824219,,
1569,2018-03-27,128.64999389648438,22.5,27.3799991607666,,2017-02-20,1237.5999755859375,1079.97998046875,100.94999694824219,,
1570,2018-03-28,128.3300018310547,22.8700008392334,26.670000076293945,,2017-02-21,1237.5,1115.300048828125,101.37000274658203,,
1571,2018-03-29,119.33999633789062,19.969999313354492,25.06999969482422,,2017-02-22,1232.0,1117.43994140625,101.33000183105469,,
1572,2018-04-02,119.68000030517578,23.6200008392334,27.530000686645508,,2017-02-23,1250.199951171875,1166.719970703125,101.05000305175781,,
1573,2018-04-03,118.37999725341797,21.100000381469727,26.889999389648438,,2017-02-24,1256.9000244140625,1173.6800537109375,101.08999633789062,,
1574,2018-04-04,119.2300033569336,20.059999465942383,26.170000076293945,,2017-02-25,1256.9000244140625,1143.8399658203125,101.08999633789062,,
1575,2018-04-05,121.51000213623047,18.940000534057617,24.3799991607666,,2017-02-26,1256.9000244140625,1165.199951171875,101.08999633789062,,
1576,2018-04-06,122.38999938964844,21.489999771118164,24.989999771118164,,2017-02-27,1257.4000244140625,1179.969970703125,101.12999725341797,,
1577,2018-04-09,119.9000015258789,21.770000457763672,25.639999389648438,,2017-02-28,1252.5999755859375,1179.969970703125,101.12000274658203,,
1578,2018-04-10,121.25,20.469999313354492,28.049999237060547,,2017-03-01,1248.9000244140625,1222.5,101.77999877929688,,
1579,2018-04-11,122.2699966430664,20.239999771118164,29.420000076293945,,2017-03-02,1231.9000244140625,1251.010009765625,102.19999694824219,,
1580,2018-04-12,122.29000091552734,18.489999771118164,28.729999542236328,,2017-03-03,1225.5,1274.989990234375,101.54000091552734,,
1581,2018-04-13,126.0,17.40999984741211,28.520000457763672,,2017-03-04,1225.5,1255.1500244140625,101.54000091552734,,
1582,2018-04-16,131.47000122070312,16.559999465942383,28.84000015258789,,2017-03-05,1225.5,1267.1199951171875,101.54000091552734,,
1583,2018-04-17,130.57000732421875,15.25,27.8799991607666,,2017-03-06,1224.5,1272.8299560546875,101.63999938964844,,
1584,2018-04-18,146.25999450683594,15.600000381469727,29.420000076293945,,2017-03-07,1215.0999755859375,1223.5400390625,101.80999755859375,,
1585,2018-04-19,138.1999969482422,15.960000038146973,29.360000610351562,,2017-03-08,1208.5,1150.0,102.06999969482422,,
1586,2018-04-20,133.07000732421875,16.8799991607666,28.989999771118164,,2017-03-09,1202.4000244140625,1188.489990234375,101.8499984741211,,
1587,2018-04-23,126.4800033569336,16.34000015258789,28.969999313354492,,2017-03-10,1200.699951171875,1116.719970703125,101.25,,
1588,2018-04-24,126.5,18.020000457763672,29.149999618530273,,2017-03-11,1200.699951171875,1175.8299560546875,101.25,,
1589,2018-04-25,124.29000091552734,17.84000015258789,28.15999984741211,,2017-03-12,1200.699951171875,1221.3800048828125,101.25,,
1590,2018-04-26,127.08000183105469,16.239999771118164,26.860000610351562,,2017-03-13,1202.4000244140625,1231.9200439453125,101.37999725341797,,
1591,2018-04-27,128.39999389648438,15.40999984741211,25.59000015258789,,2017-03-14,1201.9000244140625,1240.0,101.69999694824219,,
1592,2018-04-30,130.77000427246094,15.930000305175781,28.280000686645508,,2017-03-15,1200.0999755859375,1249.6099853515625,100.73999786376953,,
1593,2018-05-01,128.2100067138672,15.489999771118164,28.06999969482422,,2017-03-16,1226.5,1187.81005859375,100.2699966430664,,
1594,2018-05-02,122.41999816894531,15.970000267028809,27.31999969482422,,2017-03-17,1229.800048828125,1100.22998046875,100.30000305175781,,
1595,2018-05-03,126.79000091552734,15.899999618530273,26.690000534057617,,2017-03-18,1229.800048828125,973.8179931640625,100.30000305175781,,
1596,2018-05-04,127.37000274658203,14.770000457763672,26.170000076293945,,2017-03-19,1229.800048828125,1036.739990234375,100.30000305175781,,
1597,2018-05-07,123.04000091552734,14.75,28.860000610351562,,2017-03-20,1233.5999755859375,1054.22998046875,100.41000366210938,,
1598,2018-05-08,125.0999984741211,14.710000038146973,26.760000228881836,,2017-03-21,1246.0999755859375,1120.5400390625,99.80999755859375,,
1599,2018-05-09,126.05000305175781,13.420000076293945,26.709999084472656,,2017-03-22,1249.300048828125,1049.1400146484375,99.68000030517578,,
1600,2018-05-10,129.35000610351562,13.229999542236328,26.610000610351562,,2017-03-23,1246.9000244140625,1038.5899658203125,99.76000213623047,,
1601,2018-05-11,129.35000610351562,12.649999618530273,25.739999771118164,,2017-03-24,1248.199951171875,937.52001953125,99.62999725341797,,
1602,2018-05-14,133.97000122070312,12.930000305175781,25.93000030517578,,2017-03-25,1248.199951171875,972.7789916992188,99.62999725341797,,
1603,2018-05-15,136.75999450683594,14.630000114440918,26.610000610351562,,2017-03-26,1248.199951171875,966.7249755859375,99.62999725341797,,
1604,2018-05-16,134.4499969482422,13.420000076293945,25.729999542236328,,2017-03-27,1255.4000244140625,1045.77001953125,99.16999816894531,,
1605,2018-05-17,134.77999877929688,13.430000305175781,25.110000610351562,,2017-03-28,1255.300048828125,1047.1500244140625,99.70999908447266,,
1606,2018-05-18,133.32000732421875,13.420000076293945,25.229999542236328,,2017-03-29,1253.4000244140625,1039.969970703125,100.0,,
1607,2018-05-21,134.02000427246094,13.079999923706055,25.790000915527344,,2017-03-30,1245.0,1026.4300537109375,100.41000366210938,,
1608,2018-05-22,134.61000061035156,13.220000267028809,25.889999389648438,,2017-03-31,1247.300048828125,1071.7900390625,100.3499984741211,,
1609,2018-05-23,135.61000061035156,12.579999923706055,26.040000915527344,,2017-04-01,1247.300048828125,1080.5,100.3499984741211,,
1610,2018-05-24,139.24000549316406,12.529999732971191,25.3700008392334,,2017-04-02,1247.300048828125,1102.1700439453125,100.3499984741211,,
1611,2018-05-25,140.77999877929688,13.220000267028809,27.760000228881836,,2017-04-03,1250.800048828125,1143.81005859375,100.54000091552734,,
1612,2018-05-29,141.83999633789062,17.020000457763672,29.040000915527344,,2017-04-04,1255.0,1133.25,100.54000091552734,,
1613,2018-05-30,143.88999938964844,14.9399995803833,27.899999618530273,,2017-04-05,1245.4000244140625,1124.780029296875,100.55999755859375,,
1614,2018-05-31,143.88999938964844,15.430000305175781,27.610000610351562,,2017-04-06,1250.300048828125,1182.6800537109375,100.66999816894531,,
1615,2018-06-01,134.52999877929688,13.460000038146973,28.649999618530273,,2017-04-07,1254.300048828125,1176.9000244140625,101.18000030517578,,
1616,2018-06-04,132.6999969482422,12.739999771118164,29.489999771118164,,2017-04-08,1254.300048828125,1175.949951171875,101.18000030517578,,
1617,2018-06-05,132.5800018310547,12.399999618530273,29.299999237060547,,2017-04-09,1254.300048828125,1187.8699951171875,101.18000030517578,,
1618,2018-06-06,136.57000732421875,11.640000343322754,29.139999389648438,,2017-04-10,1251.0999755859375,1187.1300048828125,101.0199966430664,,
1619,2018-06-07,133.83999633789062,12.130000114440918,28.049999237060547,,2017-04-11,1271.199951171875,1205.010009765625,100.70999908447266,,
1620,2018-06-08,133.11000061035156,12.180000305175781,27.59000015258789,,2017-04-12,1275.300048828125,1200.3699951171875,100.77999877929688,,
1621,2018-06-11,138.92999267578125,12.350000381469727,26.860000610351562,,2017-04-13,1285.9000244140625,1169.280029296875,100.55999755859375,,
1622,2018-06-12,142.82000732421875,12.34000015258789,26.579999923706055,,2017-04-14,1285.9000244140625,1167.5400390625,100.55999755859375,,
1623,2018-06-13,141.74000549316406,12.9399995803833,27.079999923706055,,2017-04-15,1285.9000244140625,1172.52001953125,100.55999755859375,,
1624,2018-06-14,142.38999938964844,12.119999885559082,26.690000534057617,,2017-04-16,1285.9000244140625,1182.93994140625,100.55999755859375,,
1625,2018-06-15,140.9199981689453,11.979999542236328,27.639999389648438,,2017-04-17,1289.4000244140625,1193.9100341796875,100.30000305175781,,
1626,2018-06-18,140.9199981689453,12.3100004196167,27.579999923706055,,2017-04-18,1291.699951171875,1211.6700439453125,99.5,,
1627,2018-06-19,139.35000610351562,13.350000381469727,28.010000228881836,,2017-04-19,1281.4000244140625,1210.2900390625,99.73999786376953,,
1628,2018-06-20,140.82000732421875,12.789999961853027,28.059999465942383,,2017-04-20,1281.9000244140625,1229.0799560546875,99.77999877929688,,
1629,2018-06-21,139.94000244140625,14.640000343322754,27.780000686645508,,2017-04-21,1287.4000244140625,1222.050048828125,99.9800033569336,,
1630,2018-06-22,140.5399932861328,13.770000457763672,25.520000457763672,,2017-04-22,1287.4000244140625,1231.7099609375,99.9800033569336,,
1631,2018-06-25,134.66000366210938,17.329999923706055,26.100000381469727,,2017-04-23,1287.4000244140625,1207.2099609375,99.9800033569336,,
1632,2018-06-26,134.9199981689453,15.920000076293945,25.670000076293945,,2017-04-24,1275.800048828125,1250.1500244140625,99.08999633789062,,
1633,2018-06-27,131.3000030517578,17.90999984741211,27.690000534057617,,2017-04-25,1265.5999755859375,1265.489990234375,98.81999969482422,,
1634,2018-06-28,136.33999633789062,16.850000381469727,27.350000381469727,,2017-04-26,1262.0999755859375,1281.0799560546875,98.95999908447266,,
1635,2018-06-29,141.72000122070312,16.09000015258789,27.18000030517578,,2017-04-27,1263.699951171875,1317.72998046875,99.08000183105469,,
1636,2018-07-02,140.88999938964844,15.600000381469727,28.649999618530273,,2017-04-28,1266.0999755859375,1316.47998046875,99.05000305175781,,
1637,2018-07-03,134.57000732421875,16.139999389648438,28.579999923706055,,2017-04-29,1266.0999755859375,1321.7900390625,99.05000305175781,,
1638,2018-07-05,139.86000061035156,14.970000267028809,28.770000457763672,,2017-04-30,1266.0999755859375,1347.8900146484375,99.05000305175781,,
1639,2018-07-06,141.02000427246094,13.369999885559082,28.1299991607666,,2017-05-01,1253.300048828125,1421.5999755859375,99.13999938964844,,
1640,2018-07-09,138.9600067138672,12.6899995803833,28.1200008392334,,2017-05-02,1255.0999755859375,1452.8199462890625,98.9800033569336,,
1641,2018-07-10,139.25999450683594,12.640000343322754,26.899999618530273,,2017-05-03,1246.4000244140625,1490.0899658203125,99.20999908447266,,
1642,2018-07-11,136.85000610351562,13.630000114440918,28.559999465942383,,2017-05-04,1226.5,1537.6700439453125,98.76000213623047,,
1643,2018-07-12,138.22000122070312,12.579999923706055,27.809999465942383,,2017-05-05,1224.800048828125,1555.449951171875,98.6500015258789,,
1644,2018-07-13,142.47999572753906,12.180000305175781,27.540000915527344,,2017-05-06,1224.800048828125,1578.800048828125,98.6500015258789,,
1645,2018-07-16,148.16000366210938,12.829999923706055,29.010000228881836,,2017-05-07,1224.800048828125,1596.7099609375,98.6500015258789,,
1646,2018-07-17,149.5800018310547,12.0600004196167,28.0,,2017-05-08,1225.300048828125,1723.3499755859375,99.1500015258789,,
1647,2018-07-18,154.25,12.100000381469727,27.239999771118164,,2017-05-09,1214.300048828125,1755.3599853515625,99.58999633789062,,
1648,2018-07-19,150.97999572753906,12.869999885559082,26.84000015258789,,2017-05-10,1217.300048828125,1787.1300048828125,99.66999816894531,,
1649,2018-07-20,152.72000122070312,12.859999656677246,26.010000228881836,,2017-05-11,1222.699951171875,1848.5699462890625,99.62000274658203,,
1650,2018-07-23,153.77999877929688,12.619999885559082,26.149999618530273,,2017-05-12,1226.199951171875,1724.239990234375,99.25,,
1651,2018-07-24,145.94000244140625,12.40999984741211,25.649999618530273,,2017-05-13,1226.199951171875,1804.9100341796875,99.25,,
1652,2018-07-25,145.08999633789062,12.289999961853027,25.34000015258789,,2017-05-14,1226.199951171875,1808.9100341796875,99.25,,
1653,2018-07-26,142.17999267578125,12.140000343322754,24.8799991607666,,2017-05-15,1228.5999755859375,1738.4300537109375,98.91000366210938,,
1654,2018-07-27,144.57000732421875,13.029999732971191,24.969999313354492,,2017-05-16,1235.0,1734.449951171875,98.11000061035156,,
1655,2018-07-30,141.57000732421875,14.260000228881836,25.829999923706055,,2017-05-17,1257.5,1839.0899658203125,97.41999816894531,,
1656,2018-07-31,144.49000549316406,12.829999923706055,26.520000457763672,,2017-05-18,1251.699951171875,1888.6500244140625,97.87999725341797,,
1657,2018-08-01,142.77000427246094,13.149999618530273,26.450000762939453,,2017-05-19,1252.699951171875,1987.7099609375,97.1500015258789,,
1658,2018-08-02,143.8300018310547,12.1899995803833,25.729999542236328,,2017-05-20,1252.699951171875,2084.72998046875,97.1500015258789,,
1659,2018-08-03,146.19000244140625,11.640000343322754,25.610000610351562,,2017-05-21,1252.699951171875,2041.199951171875,97.1500015258789,,
1660,2018-08-06,142.00999450683594,11.270000457763672,25.420000076293945,,2017-05-22,1260.699951171875,2173.39990234375,96.9800033569336,,
1661,2018-08-07,138.94000244140625,10.930000305175781,25.219999313354492,,2017-05-23,1254.800048828125,2320.419921875,97.3499984741211,,
1662,2018-08-08,139.83999633789062,10.850000381469727,26.40999984741211,,2017-05-24,1252.4000244140625,2443.639892578125,97.23999786376953,,
1663,2018-08-09,138.61000061035156,11.270000457763672,25.399999618530273,,2017-05-25,1255.800048828125,2304.97998046875,97.25,,
1664,2018-08-10,149.1999969482422,13.15999984741211,25.450000762939453,,2017-05-26,1267.5999755859375,2202.419921875,97.4000015258789,,
1665,2018-08-13,159.02999877929688,14.779999732971191,25.309999465942383,,2017-05-27,1267.5999755859375,2038.8699951171875,97.4000015258789,,
1666,2018-08-14,152.41000366210938,13.3100004196167,26.18000030517578,,2017-05-28,1267.5999755859375,2155.800048828125,97.4000015258789,,
1667,2018-08-15,148.39999389648438,14.640000343322754,27.260000228881836,,2017-05-29,1267.5999755859375,2255.610107421875,97.4000015258789,,
1668,2018-08-16,148.4499969482422,13.449999809265137,26.329999923706055,,2017-05-30,1262.0999755859375,2175.469970703125,97.27999877929688,,
1669,2018-08-17,146.00999450683594,12.640000343322754,25.709999084472656,,2017-05-31,1272.0,2286.409912109375,96.91999816894531,,
1670,2018-08-20,145.5500030517578,12.489999771118164,25.260000228881836,,2017-06-01,1267.0,2407.8798828125,97.19999694824219,,
1671,2018-08-21,144.6999969482422,12.859999656677246,25.079999923706055,,2017-06-02,1276.800048828125,2488.550048828125,96.72000122070312,,
1672,2018-08-22,143.75,12.25,24.719999313354492,,2017-06-03,1276.800048828125,2515.35009765625,96.72000122070312,,
1673,2018-08-23,147.3800048828125,12.40999984741211,24.350000381469727,,2017-06-04,1276.800048828125,2511.81005859375,96.72000122070312,,
1674,2018-08-24,148.1999969482422,11.989999771118164,23.309999465942383,,2017-06-05,1279.300048828125,2686.81005859375,96.80000305175781,,
1675,2018-08-27,144.85000610351562,12.15999984741211,23.68000030517578,,2017-06-06,1294.4000244140625,2863.199951171875,96.63999938964844,,
1676,2018-08-28,140.8800048828125,12.5,24.5,,2017-06-07,1290.0999755859375,2732.159912109375,96.75,,
1677,2018-08-29,140.75999450683594,12.25,24.31999969482422,,2017-06-08,1276.300048828125,2805.6201171875,96.91999816894531,,
1678,2018-08-30,141.82000732421875,13.529999732971191,24.889999389648438,,2017-06-09,1268.5,2823.81005859375,97.2699966430664,,
1679,2018-08-31,146.91000366210938,12.859999656677246,25.020000457763672,,2017-06-10,1268.5,2947.7099609375,97.2699966430664,,
1680,2018-09-04,142.17999267578125,13.15999984741211,26.700000762939453,,2017-06-11,1268.5,2958.110107421875,97.2699966430664,,
1681,2018-09-05,142.22000122070312,13.90999984741211,26.6200008392334,,2017-06-12,1266.0999755859375,2659.6298828125,97.13999938964844,,
1682,2018-09-06,140.55999755859375,14.649999618530273,26.15999984741211,,2017-06-13,1265.800048828125,2717.02001953125,96.9800033569336,,
1683,2018-09-07,145.8699951171875,14.880000114440918,26.06999969482422,,2017-06-14,1272.800048828125,2506.3701171875,96.94000244140625,,
1684,2018-09-10,144.8800048828125,14.15999984741211,26.1299991607666,,2017-06-15,1252.199951171875,2464.580078125,97.43000030517578,,
1685,2018-09-11,147.8800048828125,13.220000267028809,27.139999389648438,,2017-06-16,1254.0,2518.56005859375,97.16000366210938,,
1686,2018-09-12,148.75,13.140000343322754,26.940000534057617,,2017-06-17,1254.0,2655.8798828125,97.16000366210938,,
1687,2018-09-13,150.63999938964844,12.369999885559082,26.700000762939453,,2017-06-18,1254.0,2548.2900390625,97.16000366210938,,
1688,2018-09-14,151.58999633789062,12.069999694824219,26.399999618530273,,2017-06-19,1244.199951171875,2589.60009765625,97.52999877929688,,
1689,2018-09-17,150.9499969482422,13.680000305175781,26.489999771118164,,2017-06-20,1241.0,2721.7900390625,97.75,,
1690,2018-09-18,151.3699951171875,12.789999961853027,26.799999237060547,,2017-06-21,1243.4000244140625,2689.10009765625,97.55999755859375,,
1691,2018-09-19,145.19000244140625,11.75,26.350000381469727,,2017-06-22,1247.5999755859375,2705.409912109375,97.54000091552734,,
1692,2018-09-20,144.83999633789062,11.800000190734863,26.06999969482422,,2017-06-23,1256.199951171875,2744.909912109375,97.30000305175781,,
1693,2018-09-21,141.5500030517578,11.680000305175781,26.149999618530273,,2017-06-24,1256.199951171875,2608.719970703125,97.30000305175781,,
1694,2018-09-24,138.83999633789062,12.199999809265137,26.969999313354492,,2017-06-25,1256.199951171875,2589.409912109375,97.30000305175781,,
1695,2018-09-25,137.67999267578125,12.420000076293945,26.829999923706055,,2017-06-26,1246.300048828125,2478.449951171875,97.43000030517578,,
1696,2018-09-26,140.97999572753906,12.890000343322754,26.530000686645508,,2017-06-27,1246.4000244140625,2552.449951171875,96.47000122070312,,
1697,2018-09-27,142.10000610351562,12.40999984741211,26.450000762939453,,2017-06-28,1248.0,2574.7900390625,96.05000305175781,,
1698,2018-09-28,144.42999267578125,12.119999885559082,26.729999542236328,,2017-06-29,1244.199951171875,2539.320068359375,95.62999725341797,,
1699,2018-10-01,141.52000427246094,12.0,27.950000762939453,,2017-06-30,1240.699951171875,2480.840087890625,95.66000366210938,,
1700,2018-10-02,137.97999572753906,12.050000190734863,27.68000030517578,,2017-07-01,1240.699951171875,2434.550048828125,95.66000366210938,,
1701,2018-10-03,136.3300018310547,11.609999656677246,28.040000915527344,,2017-07-02,1240.699951171875,2506.469970703125,95.66000366210938,,
1702,2018-10-04,136.3300018310547,14.220000267028809,28.899999618530273,,2017-07-03,1217.9000244140625,2564.06005859375,96.19999694824219,,
1703,2018-10-05,130.27999877929688,14.819999694824219,28.84000015258789,,2017-07-04,1217.9000244140625,2601.639892578125,96.19999694824219,,
1704,2018-10-08,129.63999938964844,15.6899995803833,28.860000610351562,,2017-07-05,1220.4000244140625,2601.989990234375,96.29000091552734,,
1705,2018-10-09,128.97999572753906,15.949999809265137,27.899999618530273,,2017-07-06,1222.199951171875,2608.56005859375,95.81999969482422,,
1706,2018-10-10,127.6500015258789,22.959999084472656,28.809999465942383,,2017-07-07,1208.5999755859375,2518.659912109375,96.01000213623047,,
1707,2018-10-11,130.85000610351562,24.979999542236328,29.290000915527344,,2017-07-08,1208.5999755859375,2571.340087890625,96.01000213623047,,
1708,2018-10-12,125.51000213623047,21.309999465942383,27.729999542236328,,2017-07-09,1208.5999755859375,2518.43994140625,96.01000213623047,,
1709,2018-10-15,128.32000732421875,21.299999237060547,28.59000015258789,,2017-07-10,1212.0999755859375,2372.56005859375,96.05000305175781,,
1710,2018-10-16,132.14999389648438,17.6200008392334,28.59000015258789,,2017-07-11,1213.5999755859375,2337.7900390625,95.73999786376953,,
1711,2018-10-17,130.64999389648438,17.399999618530273,28.1299991607666,,2017-07-12,1218.0999755859375,2398.840087890625,95.79000091552734,,
1712,2018-10-18,125.95999908447266,20.059999465942383,28.530000686645508,,2017-07-13,1216.300048828125,2357.89990234375,95.7300033569336,,
1713,2018-10-19,124.94000244140625,19.889999389648438,27.420000076293945,,2017-07-14,1226.5999755859375,2233.340087890625,95.11000061035156,,
1714,2018-10-22,125.68000030517578,19.639999389648438,27.760000228881836,,2017-07-15,1226.5999755859375,1998.8599853515625,95.11000061035156,,
1715,2018-10-23,126.54000091552734,20.709999084472656,29.3799991607666,,2017-07-16,1226.5999755859375,1929.8199462890625,95.11000061035156,,
1716,2018-10-24,128.91000366210938,25.229999542236328,29.799999237060547,,2017-07-17,1232.800048828125,2228.409912109375,95.12999725341797,,
1717,2018-10-25,125.26000213623047,24.219999313354492,28.5,,2017-07-18,1241.0999755859375,2318.8798828125,94.66000366210938,,
1718,2018-10-26,121.69999694824219,24.15999984741211,29.09000015258789,,2017-07-19,1241.199951171875,2273.429931640625,94.80000305175781,,
1719,2018-10-29,120.83000183105469,24.700000762939453,29.459999084472656,,2017-07-20,1244.800048828125,2817.60009765625,94.2699966430664,,
1720,2018-10-30,118.11000061035156,23.350000381469727,29.899999618530273,,2017-07-21,1254.300048828125,2667.760009765625,93.94000244140625,,
1721,2018-10-31,117.63999938964844,21.229999542236328,30.1200008392334,,2017-07-22,1254.300048828125,2810.1201171875,93.94000244140625,,
1722,2018-11-01,118.27999877929688,19.34000015258789,31.540000915527344,,2017-07-23,1254.300048828125,2730.39990234375,93.94000244140625,,
1723,2018-11-02,115.7300033569336,19.510000228881836,32.209999084472656,,2017-07-24,1253.9000244140625,2754.860107421875,93.9800033569336,,
1724,2018-11-05,118.88999938964844,19.959999084472656,32.68000030517578,,2017-07-25,1251.699951171875,2576.47998046875,94.05000305175781,,
1725,2018-11-06,119.93000030517578,19.90999984741211,34.150001525878906,,2017-07-26,1249.0,2529.449951171875,93.66999816894531,,
1726,2018-11-07,120.55999755859375,16.360000610351562,33.04999923706055,,2017-07-27,1259.5999755859375,2671.780029296875,93.86000061035156,,
1727,2018-11-08,121.8499984741211,16.719999313354492,32.22999954223633,,2017-07-28,1268.4000244140625,2809.010009765625,93.26000213623047,,
1728,2018-11-09,120.05999755859375,17.360000610351562,35.099998474121094,,2017-07-29,1268.4000244140625,2726.449951171875,93.26000213623047,,
1729,2018-11-12,120.05999755859375,20.450000762939453,40.13999938964844,,2017-07-30,1268.4000244140625,2757.179931640625,93.26000213623047,,
1730,2018-11-13,122.05999755859375,20.020000457763672,55.709999084472656,,2017-07-31,1266.5999755859375,2875.340087890625,92.86000061035156,,
1731,2018-11-14,120.68000030517578,21.25,47.06999969482422,,2017-08-01,1272.5999755859375,2718.260009765625,93.02999877929688,,
1732,2018-11-15,120.76000213623047,19.979999542236328,43.869998931884766,,2017-08-02,1271.800048828125,2710.669921875,92.83000183105469,,
1733,2018-11-16,118.70999908447266,18.139999389648438,40.560001373291016,,2017-08-03,1267.800048828125,2804.72998046875,92.80999755859375,,
1734,2018-11-19,115.79000091552734,20.100000381469727,43.45000076293945,,2017-08-04,1258.300048828125,2895.889892578125,93.54000091552734,,
1735,2018-11-20,119.55000305175781,22.479999542236328,56.560001373291016,,2017-08-05,1258.300048828125,3252.909912109375,93.54000091552734,,
1736,2018-11-21,119.30999755859375,20.799999237060547,51.790000915527344,,2017-08-06,1258.300048828125,3213.93994140625,93.54000091552734,,
1737,2018-11-23,117.20999908447266,21.520000457763672,65.16999816894531,,2017-08-07,1258.199951171875,3378.93994140625,93.43000030517578,,
1738,2018-11-26,117.56999969482422,18.899999618530273,57.869998931884766,,2017-08-08,1256.4000244140625,3419.93994140625,93.63999938964844,,
1739,2018-11-27,115.83000183105469,19.020000457763672,54.63999938964844,,2017-08-09,1273.0,3342.469970703125,93.5199966430664,,
1740,2018-11-28,115.95999908447266,18.489999771118164,53.9900016784668,,2017-08-10,1283.699951171875,3381.280029296875,93.4000015258789,,
1741,2018-11-29,115.48999786376953,18.790000915527344,53.959999084472656,,2017-08-11,1287.699951171875,3650.6201171875,93.06999969482422,,
1742,2018-11-30,114.70999908447266,18.06999969482422,56.040000915527344,,2017-08-12,1287.699951171875,3884.7099609375,93.06999969482422,,
1743,2018-12-03,118.45999908447266,16.440000534057617,49.61000061035156,,2017-08-13,1287.699951171875,4073.260009765625,93.06999969482422,,
1744,2018-12-04,117.76000213623047,20.739999771118164,49.84000015258789,,2017-08-14,1284.199951171875,4325.1298828125,93.45999908447266,,
1745,2018-12-06,116.68000030517578,21.190000534057617,50.130001068115234,,2017-08-15,1273.699951171875,4181.93017578125,93.8499984741211,,
1746,2018-12-07,114.30000305175781,23.229999542236328,41.83000183105469,,2017-08-16,1276.9000244140625,4376.6298828125,93.48999786376953,,
1747,2018-12-10,117.63999938964844,22.639999389648438,45.060001373291016,,2017-08-17,1286.4000244140625,4331.68994140625,93.62000274658203,,
1748,2018-12-11,116.80000305175781,21.760000228881836,41.459999084472656,,2017-08-18,1285.699951171875,4160.6201171875,93.43000030517578,,
1749,2018-12-12,116.77999877929688,21.459999084472656,39.900001525878906,,2017-08-19,1285.699951171875,4193.7001953125,93.43000030517578,,
1750,2018-12-13,117.02999877929688,20.649999618530273,39.25,,2017-08-20,1285.699951171875,4087.659912109375,93.43000030517578,,
1751,2018-12-14,118.5999984741211,21.6299991607666,42.380001068115234,,2017-08-21,1290.800048828125,4001.739990234375,93.0999984741211,,
1752,2018-12-17,123.95999908447266,24.520000457763672,46.59000015258789,,2017-08-22,1285.0999755859375,4100.52001953125,93.55000305175781,,
1753,2018-12-18,124.2300033569336,25.579999923706055,53.349998474121094,,2017-08-23,1288.9000244140625,4151.52001953125,93.1500015258789,,
1754,2018-12-19,125.37999725341797,25.579999923706055,50.86000061035156,,2017-08-24,1286.5,4334.68017578125,93.27999877929688,,
1755,2018-12-20,124.06999969482422,28.3799991607666,52.88999938964844,,2017-08-25,1292.5,4371.60009765625,92.73999786376953,,
1756,2018-12-21,122.16999816894531,30.110000610351562,51.7599983215332,,2017-08-26,1292.5,4352.39990234375,92.73999786376953,,
1757,2018-12-24,118.2699966430664,36.06999969482422,56.72999954223633,,2017-08-27,1292.5,4382.8798828125,92.73999786376953,,
1758,2018-12-26,116.47000122070312,30.40999984741211,54.06999969482422,,2017-08-28,1309.699951171875,4382.66015625,92.20999908447266,,
1759,2018-12-27,115.18000030517578,29.959999084472656,57.15999984741211,,2017-08-29,1313.0999755859375,4579.02001953125,92.3499984741211,,
1760,2018-12-28,117.26000213623047,28.34000015258789,53.11000061035156,,2017-08-30,1308.0999755859375,4565.2998046875,92.87999725341797,,
1761,2018-12-31,117.26000213623047,25.420000076293945,51.869998931884766,,2017-08-31,1316.199951171875,4703.39013671875,92.66999816894531,,
1762,2019-01-02,116.05999755859375,23.219999313354492,54.720001220703125,,2017-09-01,1324.5,4892.009765625,92.80999755859375,,
1763,2019-01-03,112.22000122070312,25.450000762939453,53.56999969482422,,2017-09-02,1324.5,4578.77001953125,92.80999755859375,,
1764,2019-01-04,111.44000244140625,21.3799991607666,51.52000045776367,,2017-09-03,1324.5,4582.9599609375,92.80999755859375,,
1765,2019-01-07,113.55999755859375,21.399999618530273,50.41999816894531,,2017-09-04,1324.5,4236.31005859375,92.80999755859375,,
1766,2019-01-08,115.30000305175781,20.469999313354492,46.08000183105469,,2017-09-05,1339.199951171875,4376.52978515625,92.30999755859375,,
1767,2019-01-09,117.01000213623047,19.979999542236328,44.36000061035156,,2017-09-06,1333.9000244140625,4597.1201171875,92.29000091552734,,
1768,2019-01-10,117.72000122070312,19.5,42.9900016784668,,2017-09-07,1345.0999755859375,4599.8798828125,91.52999877929688,,
1769,2019-01-11,119.08999633789062,18.190000534057617,40.9900016784668,,2017-09-08,1346.0,4228.75,91.33000183105469,,
1770,2019-01-14,125.19999694824219,19.06999969482422,40.810001373291016,,2017-09-09,1346.0,4226.06005859375,91.33000183105469,,
1771,2019-01-15,126.87000274658203,18.600000381469727,39.75,,2017-09-10,1346.0,4122.93994140625,91.33000183105469,,
1772,2019-01-16,131.66000366210938,19.040000915527344,38.77000045776367,,2017-09-11,1331.0,4161.27001953125,91.86000061035156,,
1773,2019-01-17,133.02000427246094,18.059999465942383,37.029998779296875,,2017-09-12,1328.0,4130.81005859375,91.91000366210938,,
1774,2019-01-18,133.02000427246094,17.799999237060547,35.630001068115234,,2017-09-13,1323.4000244140625,3882.590087890625,92.5199966430664,,
1775,2019-01-22,122.81999969482422,20.799999237060547,38.2599983215332,,2017-09-14,1324.699951171875,3154.949951171875,92.12000274658203,,
1776,2019-01-23,123.87999725341797,19.520000457763672,37.689998626708984,,2017-09-15,1320.4000244140625,3637.52001953125,91.87000274658203,,
1777,2019-01-24,130.9199981689453,18.889999389648438,36.75,,2017-09-16,1320.4000244140625,3625.0400390625,91.87000274658203,,
1778,2019-01-25,126.11000061035156,17.420000076293945,35.209999084472656,,2017-09-17,1320.4000244140625,3582.8798828125,91.87000274658203,,
1779,2019-01-28,123.05999755859375,18.8700008392334,37.61000061035156,,2017-09-18,1306.300048828125,4065.199951171875,92.05000305175781,,
1780,2019-01-29,121.9000015258789,19.1299991607666,37.130001068115234,,2017-09-19,1306.199951171875,3924.969970703125,91.79000091552734,,
1781,2019-01-30,123.27999877929688,17.65999984741211,35.59000015258789,,2017-09-20,1312.0,3905.949951171875,92.51000213623047,,
1782,2019-01-31,126.52999877929688,16.56999969482422,34.970001220703125,,2017-09-21,1290.5999755859375,3631.0400390625,92.26000213623047,,
1783,2019-02-01,126.02999877929688,16.139999389648438,33.400001525878906,,2017-09-22,1293.300048828125,3630.699951171875,92.16999816894531,,
1784,2019-02-04,128.39999389648438,15.729999542236328,33.70000076293945,,2017-09-23,1293.300048828125,3792.39990234375,92.16999816894531,,
1785,2019-02-05,123.41999816894531,15.569999694824219,34.56999969482422,,2017-09-24,1293.300048828125,3682.840087890625,92.16999816894531,,
1786,2019-02-06,123.72000122070312,15.380000114440918,33.02000045776367,,2017-09-25,1306.800048828125,3926.070068359375,92.6500015258789,,
1787,2019-02-07,124.44999694824219,16.3700008392334,34.34000015258789,,2017-09-26,1297.0,3892.35009765625,92.97000122070312,,
1788,2019-02-08,127.72000122070312,15.720000267028809,32.560001373291016,,2017-09-27,1283.4000244140625,4200.669921875,93.36000061035156,,
1789,2019-02-11,129.19000244140625,15.970000267028809,33.34000015258789,,2017-09-28,1285.5,4174.72998046875,93.08999633789062,,
1790,2019-02-12,128.60000610351562,15.430000305175781,32.689998626708984,,2017-09-29,1281.5,4163.06982421875,93.08000183105469,,
1791,2019-02-13,127.12000274658203,15.649999618530273,32.2599983215332,,2017-09-30,1281.5,4338.7099609375,93.08000183105469,,
1792,2019-02-14,126.88999938964844,16.219999313354492,32.099998474121094,,2017-10-01,1281.5,4403.740234375,93.08000183105469,,
1793,2019-02-15,129.5500030517578,14.90999984741211,29.459999084472656,,2017-10-02,1272.699951171875,4409.31982421875,93.55999755859375,,
1794,2019-02-19,124.68000030517578,14.880000114440918,31.0,,2017-10-03,1271.5,4317.47998046875,93.56999969482422,,
1795,2019-02-20,123.38999938964844,14.020000457763672,30.760000228881836,,2017-10-04,1273.699951171875,4229.35986328125,93.45999908447266,,
1796,2019-02-21,122.41999816894531,14.460000038146973,30.15999984741211,,2017-10-05,1269.9000244140625,4328.41015625,93.95999908447266,,
1797,2019-02-22,121.08000183105469,13.510000228881836,29.850000381469727,,2017-10-06,1271.5999755859375,4370.81005859375,93.80000305175781,,
1798,2019-02-25,127.66999816894531,14.850000381469727,32.689998626708984,,2017-10-07,1271.5999755859375,4426.89013671875,93.80000305175781,,
1799,2019-02-26,125.52999877929688,15.170000076293945,31.56999969482422,,2017-10-08,1271.5999755859375,4610.47998046875,93.80000305175781,,
1800,2019-02-27,126.44000244140625,14.699999809265137,31.010000228881836,,2017-10-09,1281.800048828125,4772.02001953125,93.73999786376953,,
1801,2019-02-28,126.44000244140625,14.779999732971191,30.270000457763672,,2017-10-10,1290.5999755859375,4781.990234375,93.29000091552734,,
1802,2019-03-01,126.97000122070312,13.569999694824219,30.309999465942383,,2017-10-11,1285.800048828125,4826.47998046875,92.95999908447266,,
1803,2019-03-04,125.04000091552734,14.630000114440918,30.200000762939453,,2017-10-12,1293.300048828125,5446.91015625,93.12000274658203,,
1804,2019-03-05,126.4000015258789,14.739999771118164,29.790000915527344,,2017-10-13,1301.5,5647.2099609375,93.08999633789062,,
1805,2019-03-06,125.80000305175781,15.739999771118164,29.690000534057617,,2017-10-14,1301.5,5831.7900390625,93.08999633789062,,
1806,2019-03-07,123.13999938964844,16.59000015258789,30.43000030517578,,2017-10-15,1301.5,5678.18994140625,93.08999633789062,,
1807,2019-03-08,125.7300033569336,16.049999237060547,29.770000457763672,,2017-10-16,1299.9000244140625,5725.58984375,93.27999877929688,,
1808,2019-03-11,132.92999267578125,14.329999923706055,29.18000030517578,,2017-10-17,1283.0,5605.509765625,93.48999786376953,,
1809,2019-03-12,132.92999267578125,13.770000457763672,28.559999465942383,,2017-10-18,1279.9000244140625,5590.68994140625,93.36000061035156,,
1810,2019-03-13,132.92999267578125,13.40999984741211,28.1299991607666,,2017-10-19,1286.9000244140625,5708.52001953125,93.2699966430664,,
1811,2019-03-14,130.57000732421875,13.5,27.219999313354492,,2017-10-20,1277.4000244140625,6011.4501953125,93.69999694824219,,
1812,2019-03-15,128.75999450683594,12.880000114440918,26.270000457763672,,2017-10-21,1277.4000244140625,6031.60009765625,93.69999694824219,,
1813,2019-03-18,127.0999984741211,13.100000381469727,26.479999542236328,,2017-10-22,1277.4000244140625,6008.419921875,93.69999694824219,,
1814,2019-03-19,123.12999725341797,13.5600004196167,28.440000534057617,,2017-10-23,1277.699951171875,5930.31982421875,93.94000244140625,,
1815,2019-03-20,120.58999633789062,13.90999984741211,27.209999084472656,,2017-10-24,1275.0,5526.64013671875,93.95999908447266,,
1816,2019-03-21,120.66999816894531,13.630000114440918,27.139999389648438,,2017-10-25,1275.4000244140625,5750.7998046875,93.70999908447266,,
1817,2019-03-22,117.55000305175781,16.479999542236328,27.780000686645508,,2017-10-26,1266.300048828125,5904.830078125,94.61000061035156,,
1818,2019-03-25,117.5999984741211,16.329999923706055,29.31999969482422,,2017-10-27,1268.5,5780.89990234375,94.91999816894531,,
1819,2019-03-26,117.80000305175781,14.680000305175781,27.920000076293945,,2017-10-28,1268.5,5753.08984375,94.91999816894531,,
1820,2019-03-27,117.66000366210938,15.149999618530273,28.110000610351562,,2017-10-29,1268.5,6153.85009765625,94.91999816894531,,
1821,2019-03-28,119.25,14.430000305175781,28.520000457763672,,2017-10-30,1274.0999755859375,6130.52978515625,94.48999786376953,,
1822,2019-03-29,120.95999908447266,13.710000038146973,26.75,,2017-10-31,1267.0,6468.39990234375,94.55000305175781,,
1823,2019-04-01,126.7699966430664,13.399999618530273,26.229999542236328,,2017-11-01,1274.0999755859375,6767.31005859375,94.81999969482422,,
1824,2019-04-02,127.30999755859375,13.359999656677246,26.280000686645508,,2017-11-02,1274.9000244140625,7078.5,94.69000244140625,,
1825,2019-04-03,127.30999755859375,13.739999771118164,25.56999969482422,,2017-11-03,1266.5,7207.759765625,94.94000244140625,,
1826,2019-04-04,126.2300033569336,13.579999923706055,25.219999313354492,,2017-11-04,1266.5,7379.9501953125,94.94000244140625,,
1827,2019-04-05,128.75,12.819999694824219,24.0,,2017-11-05,1266.5,7407.41015625,94.94000244140625,,
1828,2019-04-08,129.1300048828125,13.180000305175781,24.329999923706055,,2017-11-06,1279.4000244140625,7022.759765625,94.72000122070312,,
1829,2019-04-09,127.66000366210938,14.279999732971191,24.65999984741211,,2017-11-07,1273.699951171875,7144.3798828125,94.91000366210938,,
1830,2019-04-10,127.61000061035156,13.300000190734863,24.68000030517578,,2017-11-08,1281.5999755859375,7459.68994140625,94.87000274658203,,
1831,2019-04-11,126.2300033569336,13.020000457763672,25.700000762939453,,2017-11-09,1285.5999755859375,7143.580078125,94.44000244140625,,
1832,2019-04-12,124.22000122070312,12.010000228881836,25.700000762939453,,2017-11-10,1272.4000244140625,6618.14013671875,94.38999938964844,,
1833,2019-04-15,127.69000244140625,12.319999694824219,25.510000228881836,,2017-11-11,1272.4000244140625,6357.60009765625,94.38999938964844,,
1834,2019-04-16,125.80999755859375,12.180000305175781,25.56999969482422,,2017-11-12,1272.4000244140625,5950.06982421875,94.38999938964844,,
1835,2019-04-17,125.77999877929688,12.600000381469727,25.190000534057617,,2017-11-13,1277.300048828125,6559.490234375,94.48999786376953,,
1836,2019-04-18,123.5999984741211,12.09000015258789,24.450000762939453,,2017-11-14,1281.5,6635.75,93.83000183105469,,
1837,2019-04-22,124.23999786376953,12.420000076293945,26.06999969482422,,2017-11-15,1276.5,7315.5400390625,93.80999755859375,,
1838,2019-04-23,124.6500015258789,12.279999732971191,26.559999465942383,,2017-11-16,1277.4000244140625,7871.68994140625,93.93000030517578,,
1839,2019-04-24,123.80999755859375,13.140000343322754,25.280000686645508,,2017-11-17,1295.800048828125,7708.990234375,93.66000366210938,,
1840,2019-04-25,124.18000030517578,13.25,25.56999969482422,,2017-11-18,1295.800048828125,7790.14990234375,93.66000366210938,,
1841,2019-04-26,126.29000091552734,12.729999542236328,31.239999771118164,,2017-11-19,1295.800048828125,8036.490234375,93.66000366210938,,
1842,2019-04-29,125.79000091552734,13.109999656677246,29.040000915527344,,2017-11-20,1274.5999755859375,8200.6396484375,94.08000183105469,,
1843,2019-04-30,126.47000122070312,13.119999885559082,29.309999465942383,,2017-11-21,1281.0999755859375,8071.259765625,93.94999694824219,,
1844,2019-05-01,125.31999969482422,14.800000190734863,29.40999984741211,,2017-11-22,1291.5999755859375,8253.5498046875,93.22000122070312,,
1845,2019-05-02,124.58999633789062,14.420000076293945,30.489999771118164,,2017-11-23,1291.5999755859375,8038.77001953125,93.22000122070312,,
1846,2019-05-03,122.22000122070312,12.869999885559082,29.8799991607666,,2017-11-24,1286.699951171875,8253.6904296875,92.76000213623047,,
1847,2019-05-06,123.2300033569336,15.4399995803833,30.90999984741211,,2017-11-25,1286.699951171875,8790.919921875,92.76000213623047,,
1848,2019-05-07,116.87999725341797,19.31999969482422,34.06999969482422,,2017-11-26,1286.699951171875,9330.5498046875,92.76000213623047,,
1849,2019-05-08,117.79000091552734,19.399999618530273,32.22999954223633,,2017-11-27,1293.800048828125,9818.349609375,92.9000015258789,,
1850,2019-05-09,117.68000030517578,19.100000381469727,32.47999954223633,,2017-11-28,1294.699951171875,10058.7998046875,93.26000213623047,,
1851,2019-05-10,118.54000091552734,16.040000915527344,32.79999923706055,,2017-11-29,1282.0999755859375,9888.6103515625,93.26000213623047,,
1852,2019-05-13,119.36000061035156,20.549999237060547,34.599998474121094,,2017-11-30,1273.199951171875,10233.599609375,93.01000213623047,,
1853,2019-05-14,119.94999694824219,18.059999465942383,32.130001068115234,,2017-12-01,1278.800048828125,10975.599609375,92.9000015258789,,
1854,2019-05-15,120.87000274658203,16.440000534057617,29.260000228881836,,2017-12-02,1278.800048828125,11074.599609375,92.9000015258789,,
1855,2019-05-16,121.08999633789062,15.289999961853027,29.420000076293945,,2017-12-03,1278.800048828125,11323.2001953125,92.9000015258789,,
1856,2019-05-17,118.69000244140625,15.960000038146973,29.440000534057617,,2017-12-04,1274.300048828125,11657.2001953125,93.19000244140625,,
1857,2019-05-20,115.25,16.309999465942383,27.6299991607666,,2017-12-05,1261.5999755859375,11916.7001953125,93.37999725341797,,
1858,2019-05-21,117.16999816894531,14.949999809265137,26.93000030517578,,2017-12-06,1262.800048828125,14291.5,93.61000061035156,,
1859,2019-05-22,115.41999816894531,14.75,28.190000534057617,,2017-12-07,1249.800048828125,17899.69921875,93.80000305175781,,
1860,2019-05-23,114.70999908447266,16.920000076293945,33.790000915527344,,2017-12-08,1245.199951171875,16569.400390625,93.9000015258789,,
1861,2019-05-24,114.12000274658203,15.850000381469727,33.189998626708984,,2017-12-09,1245.199951171875,15178.2001953125,93.9000015258789,,
1862,2019-05-28,112.58000183105469,17.5,34.36000061035156,,2017-12-10,1245.199951171875,15455.400390625,93.9000015258789,,
1863,2019-05-29,111.93000030517578,17.899999618530273,36.43000030517578,,2017-12-11,1243.699951171875,16936.80078125,93.87000274658203,,
1864,2019-05-30,112.68000030517578,17.299999237060547,39.619998931884766,,2017-12-12,1238.5,17415.400390625,94.0999984741211,,
1865,2019-05-31,112.6500015258789,18.709999084472656,46.90999984741211,,2017-12-13,1245.4000244140625,16408.19921875,93.43000030517578,,
1866,2019-06-03,112.31999969482422,18.860000610351562,46.779998779296875,,2017-12-14,1253.800048828125,16564.0,93.48999786376953,,
1867,2019-06-04,112.73999786376953,16.969999313354492,43.459999084472656,,2017-12-15,1254.300048828125,17706.900390625,93.93000030517578,,
1868,2019-06-05,112.91000366210938,16.09000015258789,45.189998626708984,,2017-12-16,1254.300048828125,19497.400390625,93.93000030517578,,
1869,2019-06-06,113.88999938964844,15.930000305175781,40.65999984741211,,2017-12-17,1254.300048828125,19140.80078125,93.93000030517578,,
1870,2019-06-07,114.66999816894531,16.299999237060547,38.75,,2017-12-18,1262.199951171875,19114.19921875,93.69999694824219,,
1871,2019-06-10,114.37999725341797,15.9399995803833,39.119998931884766,,2017-12-19,1260.699951171875,17776.69921875,93.47000122070312,,
1872,2019-06-11,113.80999755859375,15.989999771118164,38.689998626708984,,2017-12-20,1266.0999755859375,16624.599609375,93.3499984741211,,
1873,2019-06-12,114.66000366210938,15.90999984741211,43.060001373291016,,2017-12-21,1267.300048828125,15802.900390625,93.27999877929688,,
1874,2019-06-13,113.33000183105469,15.819999694824219,41.560001373291016,,2017-12-22,1275.4000244140625,13831.7998046875,93.3499984741211,,
1875,2019-06-14,113.33000183105469,15.279999732971191,42.88999938964844,,2017-12-23,1275.4000244140625,14699.2001953125,93.3499984741211,,
1876,2019-06-17,115.30000305175781,15.350000381469727,46.150001525878906,,2017-12-24,1275.4000244140625,13925.7998046875,93.3499984741211,,
1877,2019-06-18,116.20999908447266,15.149999618530273,43.43000030517578,,2017-12-25,1275.4000244140625,14026.599609375,93.3499984741211,,
1878,2019-06-19,115.93000030517578,14.329999923706055,40.790000915527344,,2017-12-26,1284.0999755859375,16099.7998046875,93.26000213623047,,
1879,2019-06-20,119.2300033569336,14.75,41.65999984741211,,2017-12-27,1287.0,15838.5,93.02999877929688,,
1880,2019-06-21,118.45999908447266,15.399999618530273,42.130001068115234,,2017-12-28,1294.0999755859375,14606.5,92.5999984741211,,
1881,2019-06-24,117.08999633789062,15.260000228881836,41.0,,2017-12-29,1306.300048828125,14656.2001953125,92.12000274658203,,
1882,2019-06-25,116.83000183105469,16.280000686645508,40.2599983215332,,2017-12-30,1306.300048828125,12952.2001953125,92.12000274658203,,
1883,2019-06-26,117.16000366210938,16.209999084472656,38.45000076293945,,2017-12-31,1306.300048828125,14156.400390625,92.12000274658203,,
1884,2019-06-27,117.5,15.819999694824219,37.84000015258789,,2018-01-01,1306.300048828125,13657.2001953125,92.12000274658203,,
1885,2019-06-28,117.5,15.079999923706055,39.459999084472656,,2018-01-02,1313.699951171875,14982.099609375,91.8499984741211,,
1886,2019-07-01,118.12000274658203,14.0600004196167,35.91999816894531,,2018-01-03,1316.199951171875,15201.0,92.16000366210938,,
1887,2019-07-02,122.13999938964844,12.930000305175781,37.77000045776367,,2018-01-04,1319.4000244140625,15599.2001953125,91.8499984741211,,
1888,2019-07-03,120.81999969482422,12.569999694824219,36.720001220703125,,2018-01-05,1320.300048828125,17429.5,91.94999694824219,,
1889,2019-07-05,126.66000366210938,13.279999732971191,34.70000076293945,,2018-01-06,1320.300048828125,17527.0,91.94999694824219,,
1890,2019-07-08,121.41999816894531,13.960000038146973,34.0,,2018-01-07,1320.300048828125,16477.599609375,91.94999694824219,,
1891,2019-07-09,120.44000244140625,14.09000015258789,30.299999237060547,,2018-01-08,1318.5999755859375,15170.099609375,92.33000183105469,,
1892,2019-07-10,120.66000366210938,13.029999732971191,30.760000228881836,,2018-01-09,1311.699951171875,14595.400390625,92.52999877929688,,
1893,2019-07-11,122.44999694824219,12.930000305175781,29.860000610351562,,2018-01-10,1317.4000244140625,14973.2998046875,92.33000183105469,,
1894,2019-07-12,123.6500015258789,12.390000343322754,30.389999389648438,,2018-01-11,1320.5999755859375,13405.7998046875,91.8499984741211,,
1895,2019-07-15,126.22000122070312,12.680000305175781,30.829999923706055,,2018-01-12,1333.4000244140625,13980.599609375,90.97000122070312,,
1896,2019-07-16,125.1500015258789,12.859999656677246,32.060001373291016,,2018-01-13,1333.4000244140625,14360.2001953125,90.97000122070312,,
1897,2019-07-17,123.9800033569336,13.970000267028809,34.939998626708984,,2018-01-14,1333.4000244140625,13772.0,90.97000122070312,,
1898,2019-07-18,123.9800033569336,13.529999732971191,33.06999969482422,,2018-01-15,1333.4000244140625,13819.7998046875,90.97000122070312,,
1899,2019-07-19,125.5,14.449999809265137,34.84000015258789,,2018-01-16,1335.4000244140625,11490.5,90.38999938964844,,
1900,2019-07-22,125.36000061035156,13.529999732971191,33.630001068115234,,2018-01-17,1338.0,11188.599609375,90.54000091552734,,
1901,2019-07-23,124.6500015258789,12.609999656677246,32.25,,2018-01-18,1326.0,11474.900390625,90.5,,
1902,2019-07-24,124.6500015258789,12.069999694824219,32.86000061035156,,2018-01-19,1331.9000244140625,11607.400390625,90.56999969482422,,
1903,2019-07-25,121.87999725341797,12.739999771118164,31.950000762939453,,2018-01-20,1331.9000244140625,12899.2001953125,90.56999969482422,,
1904,2019-07-26,121.87999725341797,12.15999984741211,32.290000915527344,,2018-01-21,1331.9000244140625,11600.099609375,90.56999969482422,,
1905,2019-07-29,123.2699966430664,12.829999923706055,31.6299991607666,,2018-01-22,1330.9000244140625,10931.400390625,90.4000015258789,,
1906,2019-07-30,121.94000244140625,13.9399995803833,30.06999969482422,,2018-01-23,1335.699951171875,10868.400390625,90.12000274658203,,
1907,2019-07-31,121.94000244140625,16.1200008392334,30.770000457763672,,2018-01-24,1355.9000244140625,11359.400390625,89.20999908447266,,
1908,2019-08-01,121.70999908447266,17.8700008392334,36.43000030517578,,2018-01-25,1362.4000244140625,11259.400390625,89.38999938964844,,
1909,2019-08-02,117.06999969482422,17.610000610351562,35.560001373291016,,2018-01-26,1351.5999755859375,11171.400390625,89.06999969482422,,
1910,2019-08-05,117.25,24.59000015258789,37.040000915527344,,2018-01-27,1351.5999755859375,11440.7001953125,89.06999969482422,,
1911,2019-08-06,113.30000305175781,20.170000076293945,36.43000030517578,,2018-01-28,1351.5999755859375,11786.2998046875,89.06999969482422,,
1912,2019-08-07,114.19999694824219,19.489999771118164,38.099998474121094,,2018-01-29,1351.5999755859375,11296.400390625,89.30999755859375,,
1913,2019-08-08,113.95999908447266,16.90999984741211,35.97999954223633,,2018-01-30,1335.4000244140625,10106.2998046875,89.19000244140625,,
1914,2019-08-09,117.70999908447266,17.969999313354492,35.13999938964844,,2018-01-31,1339.0,10221.099609375,89.12999725341797,,
1915,2019-08-12,116.33999633789062,21.09000015258789,34.43000030517578,,2018-02-01,1344.300048828125,9170.5400390625,88.66999816894531,,
1916,2019-08-13,115.1500015258789,17.520000457763672,33.189998626708984,,2018-02-02,1333.699951171875,8830.75,89.19999694824219,,
1917,2019-08-14,117.58000183105469,22.100000381469727,35.83000183105469,,2018-02-03,1333.699951171875,9174.91015625,89.19999694824219,,
1918,2019-08-15,113.4800033569336,21.18000030517578,36.20000076293945,,2018-02-04,1333.699951171875,8277.009765625,89.19999694824219,,
1919,2019-08-16,112.5199966430664,18.469999313354492,35.02000045776367,,2018-02-05,1333.0,6955.27001953125,89.55000305175781,,
1920,2019-08-19,115.83999633789062,16.8799991607666,32.9900016784668,,2018-02-06,1326.0999755859375,7754.0,89.58999633789062,,
1921,2019-08-20,116.4800033569336,17.5,32.34000015258789,,2018-02-07,1311.5999755859375,7621.2998046875,90.26000213623047,,
1922,2019-08-21,114.77999877929688,15.800000190734863,32.38999938964844,,2018-02-08,1316.9000244140625,8265.58984375,90.2300033569336,,
1923,2019-08-22,114.4800033569336,16.68000030517578,32.38999938964844,,2018-02-09,1313.0999755859375,8736.98046875,90.44000244140625,,
1924,2019-08-23,114.45999908447266,19.8700008392334,35.20000076293945,,2018-02-10,1313.0999755859375,8621.900390625,90.44000244140625,,
1925,2019-08-26,112.62000274658203,19.31999969482422,35.41999816894531,,2018-02-11,1313.0999755859375,8129.97021484375,90.44000244140625,,
1926,2019-08-27,113.06999969482422,20.309999465942383,33.72999954223633,,2018-02-12,1324.199951171875,8926.5703125,90.20999908447266,,
1927,2019-08-28,113.6500015258789,19.350000381469727,32.720001220703125,,2018-02-13,1328.0999755859375,8598.3095703125,89.69999694824219,,
1928,2019-08-29,113.6500015258789,17.8799991607666,31.81999969482422,,2018-02-14,1355.5,9494.6298828125,89.12000274658203,,
1929,2019-08-30,115.0199966430664,18.979999542236328,32.15999984741211,,2018-02-15,1352.0999755859375,10166.400390625,88.58999633789062,,
1930,2019-09-03,114.68000030517578,19.65999984741211,35.72999954223633,,2018-02-16,1353.199951171875,10233.900390625,89.0999984741211,,
1931,2019-09-04,115.98999786376953,17.329999923706055,34.560001373291016,,2018-02-17,1353.199951171875,11112.7001953125,89.0999984741211,,
1932,2019-09-05,115.98999786376953,16.270000457763672,33.5,,2018-02-18,1353.199951171875,10551.7998046875,89.0999984741211,,
1933,2019-09-06,118.87000274658203,15.0,33.209999084472656,,2018-02-19,1353.199951171875,11225.2998046875,89.0999984741211,,
1934,2019-09-09,118.79000091552734,15.270000457763672,33.279998779296875,,2018-02-20,1328.800048828125,11403.7001953125,89.72000122070312,,
1935,2019-09-10,119.01000213623047,15.199999809265137,33.54999923706055,,2018-02-21,1330.0,10690.400390625,90.08000183105469,,
1936,2019-09-11,119.94999694824219,14.609999656677246,34.939998626708984,,2018-02-22,1330.5999755859375,10005.0,89.75,,
1937,2019-09-12,119.94999694824219,14.220000267028809,35.58000183105469,,2018-02-23,1328.199951171875,10301.099609375,89.87999725341797,,
1938,2019-09-13,118.4000015258789,13.739999771118164,35.47999954223633,,2018-02-24,1328.199951171875,9813.0703125,89.87999725341797,,
1939,2019-09-16,119.16000366210938,14.670000076293945,48.58000183105469,,2018-02-25,1328.199951171875,9664.73046875,89.87999725341797,,
1940,2019-09-17,117.94000244140625,14.4399995803833,44.88999938964844,,2018-02-26,1330.699951171875,10366.7001953125,89.81999969482422,,
1941,2019-09-18,117.94000244140625,13.949999809265137,40.439998626708984,,2018-02-27,1315.5,10725.599609375,90.36000061035156,,
1942,2019-09-19,118.7699966430664,14.050000190734863,41.150001525878906,,2018-02-28,1315.5,10397.900390625,90.61000061035156,,
1943,2019-09-20,118.7699966430664,15.319999694824219,38.9900016784668,,2018-03-01,1302.9000244140625,10951.0,90.31999969482422,,
1944,2019-09-23,117.5,14.90999984741211,39.060001373291016,,2018-03-02,1321.0999755859375,11086.400390625,89.94000244140625,,
1945,2019-09-24,118.01000213623047,17.049999237060547,38.7400016784668,,2018-03-03,1321.0999755859375,11489.7001953125,89.94000244140625,,
1946,2019-09-25,117.9800033569336,15.960000038146973,38.369998931884766,,2018-03-04,1321.0999755859375,11512.599609375,89.94000244140625,,
1947,2019-09-26,117.51000213623047,16.06999969482422,37.52000045776367,,2018-03-05,1318.0999755859375,11573.2998046875,90.08000183105469,,
1948,2019-09-27,116.61000061035156,17.219999313354492,38.900001525878906,,2018-03-06,1333.5999755859375,10779.900390625,89.62000274658203,,
1949,2019-09-30,116.61000061035156,16.239999771118164,38.75,,2018-03-07,1326.0,9965.5703125,89.63999938964844,,
1950,2019-10-01,117.66999816894531,18.559999465942383,38.880001068115234,,2018-03-08,1319.9000244140625,9395.009765625,90.12000274658203,,
1951,2019-10-02,114.01000213623047,20.559999465942383,39.619998931884766,,2018-03-09,1322.4000244140625,9337.5498046875,90.08999633789062,,
1952,2019-10-03,111.47000122070312,19.1200008392334,40.400001525878906,,2018-03-10,1322.4000244140625,8866.0,90.08999633789062,,
1953,2019-10-04,114.54000091552734,17.040000915527344,39.310001373291016,,2018-03-11,1322.4000244140625,9578.6298828125,90.08999633789062,,
1954,2019-10-07,114.54000091552734,17.860000610351562,39.41999816894531,,2018-03-12,1319.4000244140625,9205.1201171875,89.9000015258789,,
1955,2019-10-08,118.76000213623047,20.280000686645508,39.4900016784668,,2018-03-13,1325.9000244140625,9194.849609375,89.66000366210938,,
1956,2019-10-09,118.41999816894531,18.639999389648438,38.0,,2018-03-14,1324.4000244140625,8269.8095703125,89.69999694824219,,
1957,2019-10-10,119.94999694824219,17.56999969482422,39.52000045776367,,2018-03-15,1316.800048828125,8300.8603515625,90.13999938964844,,
1958,2019-10-11,120.8499984741211,15.579999923706055,39.650001525878906,,2018-03-16,1311.300048828125,8338.349609375,90.2300033569336,,
1959,2019-10-14,122.4000015258789,14.569999694824219,40.209999084472656,,2018-03-17,1311.300048828125,7916.8798828125,90.2300033569336,,
1960,2019-10-15,124.8499984741211,13.539999961853027,39.470001220703125,,2018-03-18,1311.300048828125,8223.6796875,90.2300033569336,,
1961,2019-10-16,127.16999816894531,13.680000305175781,39.470001220703125,,2018-03-19,1316.800048828125,8630.650390625,89.9000015258789,,
1962,2019-10-17,128.00999450683594,13.789999961853027,37.709999084472656,,2018-03-20,1311.0999755859375,8913.4697265625,90.37000274658203,,
1963,2019-10-18,128.00999450683594,14.25,36.43000030517578,,2018-03-21,1320.699951171875,8929.2802734375,89.77999877929688,,
1964,2019-10-21,128.44000244140625,14.0,36.65999984741211,,2018-03-22,1326.5999755859375,8728.4697265625,89.86000061035156,,
1965,2019-10-22,125.79000091552734,14.460000038146973,35.52000045776367,,2018-03-23,1349.300048828125,8879.6201171875,89.44000244140625,,
1966,2019-10-23,125.79000091552734,14.010000228881836,35.65999984741211,,2018-03-24,1349.300048828125,8668.1201171875,89.44000244140625,,
1967,2019-10-24,125.22000122070312,13.710000038146973,35.95000076293945,,2018-03-25,1349.300048828125,8495.7802734375,89.44000244140625,,
1968,2019-10-25,125.69999694824219,12.649999618530273,34.63999938964844,,2018-03-26,1354.4000244140625,8209.400390625,89.02999877929688,,
1969,2019-10-28,125.69999694824219,13.109999656677246,35.63999938964844,,2018-03-27,1341.300048828125,7833.0400390625,89.37000274658203,,
1970,2019-10-29,125.26000213623047,13.199999809265137,35.70000076293945,,2018-03-28,1324.199951171875,7954.47998046875,90.05999755859375,,
1971,2019-10-30,127.29000091552734,12.329999923706055,34.36000061035156,,2018-03-29,1322.800048828125,7165.7001953125,90.1500015258789,,
1972,2019-10-31,129.63999938964844,13.220000267028809,35.84000015258789,,2018-03-30,1322.800048828125,6890.52001953125,90.1500015258789,,
1973,2019-11-01,130.7100067138672,12.300000190734863,34.369998931884766,,2018-03-31,1322.800048828125,6973.52978515625,90.1500015258789,,
1974,2019-11-04,129.74000549316406,12.829999923706055,35.630001068115234,,2018-04-01,1322.800048828125,6844.22998046875,90.1500015258789,,
1975,2019-11-05,129.74000549316406,13.100000381469727,33.77000045776367,,2018-04-02,1342.0999755859375,7083.7998046875,90.05000305175781,,
1976,2019-11-06,126.77999877929688,12.619999885559082,33.220001220703125,,2018-04-03,1332.800048828125,7456.10986328125,90.19999694824219,,
1977,2019-11-07,124.68000030517578,12.729999542236328,31.450000762939453,,2018-04-04,1335.800048828125,6853.83984375,90.13999938964844,,
1978,2019-11-08,124.68000030517578,12.069999694824219,31.450000762939453,,2018-04-05,1324.300048828125,6811.47021484375,90.45999908447266,,
1979,2019-11-11,123.30000305175781,12.6899995803833,34.220001220703125,,2018-04-06,1331.9000244140625,6636.31982421875,90.11000061035156,,
1980,2019-11-12,123.8499984741211,12.680000305175781,33.7400016784668,,2018-04-07,1331.9000244140625,6911.08984375,90.11000061035156,,
1981,2019-11-13,123.18000030517578,13.0,35.150001525878906,,2018-04-08,1331.9000244140625,7023.52001953125,90.11000061035156,,
1982,2019-11-14,124.61000061035156,13.050000190734863,33.939998626708984,,2018-04-09,1336.300048828125,6770.72998046875,89.83999633789062,,
1983,2019-11-15,126.27999877929688,12.050000190734863,32.41999816894531,,2018-04-10,1342.0,6834.759765625,89.58999633789062,,
1984,2019-11-18,126.58999633789062,12.460000038146973,33.68000030517578,,2018-04-11,1356.5,6968.31982421875,89.56999969482422,,
1985,2019-11-19,127.45999908447266,12.859999656677246,32.939998626708984,,2018-04-12,1338.4000244140625,7889.25,89.75,,
1986,2019-11-20,127.45999908447266,12.779999732971191,32.20000076293945,,2018-04-13,1344.800048828125,7895.9599609375,89.80000305175781,,
1987,2019-11-21,125.63999938964844,13.130000114440918,31.59000015258789,,2018-04-14,1344.800048828125,7986.240234375,89.80000305175781,,
1988,2019-11-22,124.87000274658203,12.34000015258789,32.380001068115234,,2018-04-15,1344.800048828125,8329.1103515625,89.80000305175781,,
1989,2019-11-25,125.52999877929688,11.869999885559082,31.899999618530273,,2018-04-16,1347.5,8058.669921875,89.43000030517578,,
1990,2019-11-26,128.64999389648438,11.539999961853027,31.25,,2018-04-17,1347.199951171875,7902.08984375,89.5199966430664,,
1991,2019-11-27,130.27999877929688,11.75,30.81999969482422,,2018-04-18,1351.199951171875,8163.419921875,89.62000274658203,,
1992,2019-11-29,130.3699951171875,12.619999885559082,36.72999954223633,,2018-04-19,1346.800048828125,8294.3095703125,89.94000244140625,,
1993,2019-12-02,129.8300018310547,14.90999984741211,34.970001220703125,,2018-04-20,1336.699951171875,8845.830078125,90.31999969482422,,
1994,2019-12-03,126.3499984741211,15.960000038146973,35.04999923706055,,2018-04-21,1336.699951171875,8895.580078125,90.31999969482422,,
1995,2019-12-04,123.30999755859375,14.800000190734863,32.209999084472656,,2018-04-22,1336.699951171875,8802.4599609375,90.31999969482422,,
1996,2019-12-05,123.63999938964844,14.520000457763672,30.40999984741211,,2018-04-23,1322.5,8930.8798828125,90.94000244140625,,
1997,2019-12-06,131.47999572753906,13.619999885559082,30.020000457763672,,2018-04-24,1331.4000244140625,9697.5,90.7699966430664,,
1998,2019-12-09,136.55999755859375,15.859999656677246,30.020000457763672,,2018-04-25,1321.199951171875,8845.740234375,91.16999816894531,,
1999,2019-12-10,135.0,15.680000305175781,27.940000534057617,,2018-04-26,1316.300048828125,9281.509765625,91.55999755859375,,
2000,2019-12-11,134.3699951171875,14.989999771118164,27.809999465942383,,2018-04-27,1320.300048828125,8987.0498046875,91.54000091552734,,
2001,2019-12-12,132.67999267578125,13.9399995803833,27.440000534057617,,2018-04-28,1320.300048828125,9348.48046875,91.54000091552734,,
2002,2019-12-13,144.50999450683594,12.630000114440918,26.760000228881836,,2018-04-29,1320.300048828125,9419.080078125,91.54000091552734,,
2003,2019-12-16,143.85000610351562,12.140000343322754,26.510000228881836,,2018-04-30,1316.199951171875,9240.5498046875,91.83999633789062,,
2004,2019-12-17,137.47999572753906,12.289999961853027,26.329999923706055,,2018-05-01,1303.800048828125,9119.009765625,92.44999694824219,,
2005,2019-12-18,144.55999755859375,12.579999923706055,26.770000457763672,,2018-05-02,1302.5999755859375,9235.919921875,92.51000213623047,,
2006,2019-12-19,150.13999938964844,12.5,24.799999237060547,,2018-05-03,1310.699951171875,9743.8603515625,92.41000366210938,,
2007,2019-12-20,147.1699981689453,12.510000228881836,25.540000915527344,,2018-05-04,1312.699951171875,9700.759765625,92.56999969482422,,
2008,2019-12-23,143.91000366210938,12.609999656677246,25.110000610351562,,2018-05-05,1312.699951171875,9858.150390625,92.56999969482422,,
2009,2019-12-24,143.91000366210938,12.670000076293945,25.459999084472656,,2018-05-06,1312.699951171875,9654.7998046875,92.56999969482422,,
2010,2019-12-26,143.07000732421875,12.649999618530273,24.079999923706055,,2018-05-07,1312.199951171875,9373.009765625,92.75,,
2011,2019-12-27,143.07000732421875,13.430000305175781,25.15999984741211,,2018-05-08,1312.0,9234.8203125,93.12000274658203,,
2012,2019-12-30,140.2899932861328,14.819999694824219,25.860000610351562,,2018-05-09,1311.300048828125,9325.1796875,93.04000091552734,,
2013,2019-12-31,139.52000427246094,13.779999732971191,28.299999237060547,,2018-05-10,1320.800048828125,9043.9404296875,92.6500015258789,,
2014,2020-01-02,137.6999969482422,12.470000267028809,28.75,,2018-05-11,1319.0,8441.490234375,92.54000091552734,,
2015,2020-01-03,133.4600067138672,14.020000457763672,31.920000076293945,,2018-05-12,1319.0,8504.8896484375,92.54000091552734,,
2016,2020-01-06,132.50999450683594,13.850000381469727,32.31999969482422,,2018-05-13,1319.0,8723.9404296875,92.54000091552734,,
2017,2020-01-07,129.77999877929688,13.789999961853027,31.799999237060547,,2018-05-14,1316.5,8716.7900390625,92.58999633789062,,
2018,2020-01-08,136.4199981689453,13.449999809265137,32.599998474121094,,2018-05-15,1288.9000244140625,8510.3798828125,93.22000122070312,,
2019,2020-01-09,133.47000122070312,12.539999961853027,33.220001220703125,,2018-05-16,1290.199951171875,8368.830078125,93.38999938964844,,
2020,2020-01-10,128.14999389648438,12.5600004196167,30.3799991607666,,2018-05-17,1288.199951171875,8094.31982421875,93.47000122070312,,
2021,2020-01-13,131.27000427246094,12.319999694824219,34.25,,2018-05-18,1290.199951171875,8250.9697265625,93.63999938964844,,
2022,2020-01-14,130.82000732421875,12.390000343322754,33.619998931884766,,2018-05-19,1290.199951171875,8247.1796875,93.63999938964844,,
2023,2020-01-15,130.82000732421875,12.420000076293945,33.380001068115234,,2018-05-20,1290.199951171875,8513.25,93.63999938964844,,
2024,2020-01-16,133.1300048828125,12.319999694824219,29.790000915527344,,2018-05-21,1290.199951171875,8418.990234375,93.68000030517578,,
2025,2020-01-17,134.6199951171875,12.100000381469727,28.600000381469727,,2018-05-22,1291.699951171875,8041.77978515625,93.61000061035156,,
2026,2020-01-21,132.6999969482422,12.850000381469727,27.65999984741211,,2018-05-23,1289.300048828125,7557.81982421875,94.01000213623047,,
2027,2020-01-22,129.92999267578125,12.90999984741211,30.700000762939453,,2018-05-24,1303.699951171875,7587.33984375,93.77999877929688,,
2028,2020-01-23,131.75999450683594,12.979999542236328,31.950000762939453,,2018-05-25,1303.300048828125,7480.14013671875,94.19000244140625,,
2029,2020-01-24,127.0199966430664,14.5600004196167,34.54999923706055,,2018-05-26,1303.300048828125,7355.8798828125,94.19000244140625,,
2030,2020-01-27,127.0199966430664,18.229999542236328,37.720001220703125,,2018-05-27,1303.300048828125,7368.22021484375,94.19000244140625,,
2031,2020-01-28,127.20999908447266,16.280000686645508,36.41999816894531,,2018-05-28,1303.300048828125,7135.990234375,94.19000244140625,,
2032,2020-01-29,125.1500015258789,16.389999389648438,35.72999954223633,,2018-05-29,1298.699951171875,7472.58984375,94.83000183105469,,
2033,2020-01-30,125.1500015258789,15.489999771118164,37.4900016784668,,2018-05-30,1301.5,7406.52001953125,94.1500015258789,,
2034,2020-01-31,135.72999572753906,18.84000015258789,40.349998474121094,,2018-05-31,1300.0999755859375,7494.169921875,93.98999786376953,,
2035,2020-02-03,127.69999694824219,17.969999313354492,41.810001373291016,,2018-06-01,1294.800048828125,7541.4501953125,94.19000244140625,,
2036,2020-02-04,127.69999694824219,16.049999237060547,39.439998626708984,,2018-06-02,1294.800048828125,7643.4501953125,94.19000244140625,,
2037,2020-02-05,129.77999877929688,15.149999618530273,37.880001068115234,,2018-06-03,1294.800048828125,7720.25,94.19000244140625,,
2038,2020-02-06,129.77999877929688,14.960000038146973,36.439998626708984,,2018-06-04,1293.0999755859375,7514.47021484375,94.0199966430664,,
2039,2020-02-07,134.47999572753906,15.470000267028809,37.5099983215332,,2018-06-05,1297.5,7633.759765625,93.88999938964844,,
2040,2020-02-10,133.2899932861328,15.039999961853027,39.0099983215332,,2018-06-06,1297.0999755859375,7653.97998046875,93.66000366210938,,
2041,2020-02-11,133.2899932861328,15.180000305175781,37.52000045776367,,2018-06-07,1298.699951171875,7678.240234375,93.4000015258789,,
2042,2020-02-12,133.1999969482422,13.739999771118164,35.58000183105469,,2018-06-08,1298.0999755859375,7624.919921875,93.55000305175781,,
2043,2020-02-13,133.0399932861328,14.149999618530273,35.84000015258789,,2018-06-09,1298.0999755859375,7531.97998046875,93.55000305175781,,
2044,2020-02-14,133.0399932861328,13.680000305175781,35.93000030517578,,2018-06-10,1298.0999755859375,6786.02001953125,93.55000305175781,,
2045,2020-02-18,137.66000366210938,14.829999923706055,33.470001220703125,,2018-06-11,1298.9000244140625,6906.919921875,93.58000183105469,,
2046,2020-02-19,141.80999755859375,14.380000114440918,32.27000045776367,,2018-06-12,1295.0999755859375,6582.35986328125,93.80000305175781,,
2047,2020-02-20,137.1199951171875,15.5600004196167,33.15999984741211,,2018-06-13,1296.9000244140625,6349.89990234375,93.70999908447266,,
2048,2020-02-21,137.1199951171875,17.079999923706055,35.869998931884766,,2018-06-14,1304.0,6675.35009765625,94.7699966430664,,
2049,2020-02-24,135.13999938964844,25.030000686645508,39.529998779296875,,2018-06-15,1274.5999755859375,6456.580078125,94.79000091552734,,
2050,2020-02-25,130.7899932861328,27.850000381469727,42.5,,2018-06-16,1274.5999755859375,6550.16015625,94.79000091552734,,
2051,2020-02-26,130.64999389648438,27.559999465942383,43.400001525878906,,2018-06-17,1274.5999755859375,6499.27001953125,94.79000091552734,,
2052,2020-02-27,130.64999389648438,39.15999984741211,49.41999816894531,,2018-06-18,1276.199951171875,6734.81982421875,94.75,,
2053,2020-02-28,130.82000732421875,40.11000061035156,51.25,,2018-06-19,1275.5999755859375,6769.93994140625,95.08999633789062,,
2054,2020-03-02,126.83999633789062,33.41999816894531,48.33000183105469,,2018-06-20,1271.199951171875,6776.5498046875,95.05999755859375,,
2055,2020-03-03,123.05999755859375,36.81999969482422,50.79999923706055,,2018-06-21,1267.199951171875,6729.740234375,94.87000274658203,,
2056,2020-03-04,127.37999725341797,31.989999771118164,50.59000015258789,,2018-06-22,1267.4000244140625,6083.68994140625,94.5199966430664,,
2057,2020-03-05,123.61000061035156,39.619998931884766,52.58000183105469,,2018-06-23,1267.4000244140625,6162.47998046875,94.5199966430664,,
2058,2020-03-06,126.08000183105469,41.939998626708984,65.0199966430664,,2018-06-24,1267.4000244140625,6173.22998046875,94.5199966430664,,
2059,2020-03-09,121.56999969482422,54.459999084472656,115.91999816894531,,2018-06-25,1265.5999755859375,6249.18017578125,94.27999877929688,,
2060,2020-03-10,121.37999725341797,47.29999923706055,92.93000030517578,,2018-06-26,1256.5999755859375,6093.669921875,94.68000030517578,,
2061,2020-03-11,121.72000122070312,53.900001525878906,105.25,,2018-06-27,1252.800048828125,6157.1298828125,95.29000091552734,,
2062,2020-03-12,115.79000091552734,75.47000122070312,123.44999694824219,,2018-06-28,1247.800048828125,5903.43994140625,95.38999938964844,,
2063,2020-03-13,115.79000091552734,57.83000183105469,118.4800033569336,,2018-06-29,1251.300048828125,6218.2998046875,94.62999725341797,,
2064,2020-03-16,114.66000366210938,82.69000244140625,128.5,,2018-06-30,1251.300048828125,6404.0,94.62999725341797,,
2065,2020-03-17,116.66999816894531,75.91000366210938,133.32000732421875,,2018-07-01,1251.300048828125,6385.81982421875,94.62999725341797,,
2066,2020-03-18,113.54000091552734,76.44999694824219,166.7899932861328,,2018-07-02,1239.800048828125,6614.18017578125,94.87000274658203,,
2067,2020-03-19,115.44000244140625,72.0,164.05999755859375,,2018-07-03,1251.5999755859375,6529.58984375,94.58999633789062,,
2068,2020-03-20,118.12000274658203,66.04000091552734,190.0800018310547,,2018-07-04,1251.5999755859375,6597.5498046875,94.58999633789062,,
2069,2020-03-23,117.05000305175781,61.59000015258789,185.67999267578125,,2018-07-05,1257.300048828125,6639.14013671875,94.47000122070312,,
2070,2020-03-24,117.75,61.66999816894531,170.86000061035156,,2018-07-06,1254.300048828125,6673.5,94.04000091552734,,
2071,2020-03-25,116.5999984741211,63.95000076293945,144.02999877929688,,2018-07-07,1254.300048828125,6856.93017578125,94.04000091552734,,
2072,2020-03-26,118.97000122070312,61.0,150.05999755859375,,2018-07-08,1254.300048828125,6773.8798828125,94.04000091552734,,
2073,2020-03-27,117.41000366210938,65.54000091552734,175.8800048828125,,2018-07-09,1258.0999755859375,6741.75,94.08000183105469,,
2074,2020-03-30,122.18000030517578,57.08000183105469,174.22000122070312,,2018-07-10,1253.800048828125,6329.9501953125,94.11000061035156,,
2075,2020-03-31,125.48999786376953,53.540000915527344,170.5500030517578,,2018-07-11,1242.800048828125,6394.7099609375,94.72000122070312,,
2076,2020-04-01,115.4800033569336,57.060001373291016,158.97999572753906,,2018-07-12,1245.0,6228.81005859375,94.80999755859375,,
2077,2020-04-02,118.43000030517578,50.90999984741211,162.64999389648438,,2018-07-13,1239.5999755859375,6238.0498046875,94.75,,
2078,2020-04-03,120.56999969482422,46.79999923706055,141.67999267578125,,2018-07-14,1239.5999755859375,6276.1201171875,94.75,,
2079,2020-04-06,121.01000213623047,45.2400016784668,144.19000244140625,,2018-07-15,1239.5999755859375,6359.64013671875,94.75,,
2080,2020-04-07,118.4800033569336,46.70000076293945,139.1300048828125,,2018-07-16,1238.0999755859375,6741.75,94.51000213623047,,
2081,2020-04-08,119.30000305175781,43.349998474121094,141.4600067138672,,2018-07-17,1225.699951171875,7321.0400390625,94.97000122070312,,
2082,2020-04-09,120.8499984741211,41.66999816894531,129.8800048828125,,2018-07-18,1226.300048828125,7370.77978515625,95.08000183105469,,
2083,2020-04-13,119.5999984741211,41.16999816894531,114.44000244140625,,2018-07-19,1222.4000244140625,7466.85986328125,95.16999816894531,,
2084,2020-04-14,122.33000183105469,37.7599983215332,115.4800033569336,,2018-07-20,1229.5,7354.1298828125,94.45999908447266,,
2085,2020-04-15,122.33000183105469,40.84000015258789,120.37999725341797,,2018-07-21,1229.5,7419.2900390625,94.45999908447266,,
2086,2020-04-16,122.33000183105469,40.11000061035156,115.0999984741211,,2018-07-22,1229.5,7418.490234375,94.45999908447266,,
2087,2020-04-17,126.43000030517578,38.150001525878906,95.91000366210938,,2018-07-23,1224.0,7711.10986328125,94.66999816894531,,
2088,2020-04-20,125.33999633789062,43.83000183105469,226.1300048828125,,2018-07-24,1223.9000244140625,8424.26953125,94.61000061035156,,
2089,2020-04-21,123.70999908447266,45.40999984741211,325.1499938964844,,2018-07-25,1231.4000244140625,8181.39013671875,94.36000061035156,,
2090,2020-04-22,126.19000244140625,41.97999954223633,236.8000030517578,,2018-07-26,1225.300048828125,7951.580078125,94.75,,
2091,2020-04-23,125.22000122070312,41.380001068115234,211.0,,2018-07-27,1222.5999755859375,8165.009765625,94.68000030517578,,
2092,2020-04-24,125.22000122070312,35.93000030517578,173.52999877929688,,2018-07-28,1222.5999755859375,8192.150390625,94.68000030517578,,
2093,2020-04-27,129.2899932861328,33.290000915527344,185.47000122070312,,2018-07-29,1222.5999755859375,8218.4599609375,94.68000030517578,,
2094,2020-04-28,129.22999572753906,33.56999969482422,198.77000427246094,,2018-07-30,1221.300048828125,8180.47998046875,94.36000061035156,,
2095,2020-04-29,132.60000610351562,31.229999542236328,195.58999633789062,,2018-07-31,1223.699951171875,7780.43994140625,94.48999786376953,,
2096,2020-04-30,130.3800048828125,34.150001525878906,104.9800033569336,,2018-08-01,1217.9000244140625,7624.91015625,94.62000274658203,,
2097,2020-05-01,129.97000122070312,37.189998626708984,110.18000030517578,,2018-08-02,1210.5999755859375,7567.14990234375,95.16999816894531,,
2098,2020-05-04,129.97000122070312,35.970001220703125,97.41999816894531,,2018-08-03,1214.199951171875,7434.39013671875,95.13999938964844,,
2099,2020-05-05,131.2899932861328,33.61000061035156,97.2699966430664,,2018-08-04,1214.199951171875,7032.85009765625,95.13999938964844,,
2100,2020-05-06,128.58999633789062,34.119998931884766,115.38999938964844,,2018-08-05,1214.199951171875,7068.47998046875,95.13999938964844,,
2101,2020-05-07,130.6699981689453,31.440000534057617,110.62000274658203,,2018-08-06,1208.5999755859375,6951.7998046875,95.36000061035156,,
2102,2020-05-08,132.2100067138672,27.979999542236328,98.69999694824219,,2018-08-07,1209.5999755859375,6753.1201171875,95.22000122070312,,
2103,2020-05-11,132.2100067138672,27.56999969482422,109.72000122070312,,2018-08-08,1212.5999755859375,6305.7998046875,95.0999984741211,,
2104,2020-05-12,125.97000122070312,33.040000915527344,86.86000061035156,,2018-08-09,1211.9000244140625,6568.22998046875,95.5,,
2105,2020-05-13,123.43000030517578,35.279998779296875,82.83000183105469,,2018-08-10,1211.0999755859375,6184.7099609375,96.36000061035156,,
2106,2020-05-14,124.3499984741211,32.61000061035156,80.05000305175781,,2018-08-11,1211.0999755859375,6295.72998046875,96.36000061035156,,
2107,2020-05-15,124.47000122070312,31.889999389648438,76.38999938964844,,2018-08-12,1211.0999755859375,6322.68994140625,96.36000061035156,,
2108,2020-05-18,129.22999572753906,29.299999237060547,76.13999938964844,,2018-08-13,1191.300048828125,6297.56982421875,96.38999938964844,,
2109,2020-05-19,127.4800033569336,30.530000686645508,73.22000122070312,,2018-08-14,1193.0,6199.7099609375,96.7300033569336,,
2110,2020-05-20,125.94999694824219,27.989999771118164,73.62000274658203,,2018-08-15,1177.5,6308.52001953125,96.69999694824219,,
2111,2020-05-21,124.52999877929688,29.530000686645508,89.05999755859375,,2018-08-16,1176.199951171875,6334.72998046875,96.6500015258789,,
2112,2020-05-22,125.77999877929688,28.15999984741211,84.9800033569336,,2018-08-17,1176.5,6580.6298828125,96.0999984741211,,
2113,2020-05-26,129.11000061035156,28.010000228881836,75.47000122070312,,2018-08-18,1176.5,6423.759765625,96.0999984741211,,
2114,2020-05-27,129.9600067138672,27.6200008392334,73.88999938964844,,2018-08-19,1176.5,6506.06982421875,96.0999984741211,,
2115,2020-05-28,130.77999877929688,28.59000015258789,72.9800033569336,,2018-08-20,1186.800048828125,6308.52978515625,95.9000015258789,,
2116,2020-05-29,131.72000122070312,27.510000228881836,69.2300033569336,,2018-08-21,1192.5999755859375,6488.759765625,95.26000213623047,,
2117,2020-06-01,132.08999633789062,28.229999542236328,64.37999725341797,,2018-08-22,1196.300048828125,6376.7099609375,95.1500015258789,,
2118,2020-06-02,132.61000061035156,26.84000015258789,64.70999908447266,,2018-08-23,1187.0,6534.8798828125,95.62000274658203,,
2119,2020-06-03,131.5,25.65999984741211,65.7300033569336,,2018-08-24,1206.300048828125,6719.9599609375,95.1500015258789,,
2120,2020-06-04,130.77000427246094,25.809999465942383,65.12999725341797,,2018-08-25,1206.300048828125,6763.18994140625,95.1500015258789,,
2121,2020-06-05,129.8699951171875,24.520000457763672,64.19999694824219,,2018-08-26,1206.300048828125,6707.259765625,95.1500015258789,,
2122,2020-06-08,129.11000061035156,25.809999465942383,67.23999786376953,,2018-08-27,1209.0,6884.64013671875,94.77999877929688,,
2123,2020-06-09,129.11000061035156,27.56999969482422,67.76000213623047,,2018-08-28,1207.4000244140625,7096.27978515625,94.72000122070312,,
2124,2020-06-10,127.73999786376953,27.56999969482422,63.060001373291016,,2018-08-29,1204.5,7047.16015625,94.5999984741211,,
2125,2020-06-11,127.73999786376953,40.790000915527344,69.95999908447266,,2018-08-30,1197.699951171875,6978.22998046875,94.72000122070312,,
2126,2020-06-12,133.5399932861328,36.09000015258789,70.22000122070312,,2018-08-31,1200.300048828125,7037.580078125,95.13999938964844,,
2127,2020-06-15,133.5399932861328,34.400001525878906,68.11000061035156,,2018-09-01,1200.300048828125,7193.25,95.13999938964844,,
2128,2020-06-16,137.3300018310547,33.66999816894531,66.62999725341797,,2018-09-02,1200.300048828125,7272.72021484375,95.13999938964844,,
2129,2020-06-17,133.85000610351562,33.470001220703125,61.45000076293945,,2018-09-03,1200.300048828125,7260.06005859375,95.13999938964844,,
2130,2020-06-18,135.49000549316406,32.939998626708984,61.349998474121094,,2018-09-04,1192.699951171875,7361.66015625,95.41999816894531,,
2131,2020-06-19,134.89999389648438,35.119998931884766,58.72999954223633,,2018-09-05,1194.9000244140625,6792.830078125,95.12999725341797,,
2132,2020-06-22,135.5399932861328,31.770000457763672,56.7599983215332,,2018-09-06,1197.9000244140625,6529.169921875,95.0199966430664,,
2133,2020-06-23,135.1999969482422,31.3700008392334,58.83000183105469,,2018-09-07,1193.5999755859375,6467.06982421875,95.37000274658203,,
2134,2020-06-24,135.1999969482422,33.84000015258789,64.95999908447266,,2018-09-08,1193.5999755859375,6225.97998046875,95.37000274658203,,
2135,2020-06-25,131.9199981689453,32.220001220703125,62.689998626708984,,2018-09-09,1193.5999755859375,6300.85986328125,95.37000274658203,,
2136,2020-06-26,137.47000122070312,34.72999954223633,63.689998626708984,,2018-09-10,1193.0,6329.7001953125,95.1500015258789,,
2137,2020-06-29,135.75,31.780000686645508,60.040000915527344,,2018-09-11,1195.4000244140625,6321.2001953125,95.05999755859375,,
2138,2020-06-30,148.27000427246094,30.43000030517578,57.65999984741211,,2018-09-12,1204.699951171875,6351.7998046875,94.80000305175781,,
2139,2020-07-01,142.44000244140625,28.6200008392334,53.43000030517578,,2018-09-13,1202.0,6517.31005859375,94.54000091552734,,
2140,2020-07-02,146.33999633789062,27.68000030517578,51.290000915527344,,2018-09-14,1195.0,6512.7099609375,94.9800033569336,,
2141,2020-07-06,140.97999572753906,27.940000534057617,50.72999954223633,,2018-09-15,1195.0,6543.2001953125,94.9800033569336,,
2142,2020-07-07,138.33999633789062,29.43000030517578,51.38999938964844,,2018-09-16,1195.0,6517.18017578125,94.9800033569336,,
2143,2020-07-08,138.33999633789062,28.079999923706055,48.849998474121094,,2018-09-17,1199.699951171875,6281.2001953125,94.51000213623047,,
2144,2020-07-09,138.83999633789062,29.260000228881836,53.77000045776367,,2018-09-18,1196.800048828125,6371.2998046875,94.62000274658203,,
2145,2020-07-10,135.67999267578125,27.290000915527344,49.709999084472656,,2018-09-19,1202.199951171875,6398.5400390625,94.55000305175781,,
2146,2020-07-13,135.67999267578125,32.189998626708984,53.40999984741211,,2018-09-20,1206.199951171875,6519.669921875,93.91000366210938,,
2147,2020-07-14,128.52000427246094,29.520000457763672,53.040000915527344,,2018-09-21,1196.199951171875,6734.9501953125,94.22000122070312,,
2148,2020-07-15,146.52999877929688,27.760000228881836,47.04999923706055,,2018-09-22,1196.199951171875,6721.97998046875,94.22000122070312,,
2149,2020-07-16,142.44000244140625,28.0,46.119998931884766,,2018-09-23,1196.199951171875,6710.6298828125,94.22000122070312,,
2150,2020-07-17,140.80999755859375,25.68000030517578,40.220001220703125,,2018-09-24,1199.300048828125,6595.41015625,94.26000213623047,,
2151,2020-07-20,145.89999389648438,24.459999084472656,42.59000015258789,,2018-09-25,1200.0,6446.47021484375,94.12999725341797,,
2152,2020-07-21,134.83999633789062,24.84000015258789,41.099998474121094,,2018-09-26,1194.0,6495.0,94.19000244140625,,
2153,2020-07-22,140.38999938964844,24.31999969482422,41.29999923706055,,2018-09-27,1182.300048828125,6676.75,95.0,,
2154,2020-07-23,140.74000549316406,26.079999923706055,43.83000183105469,,2018-09-28,1191.5,6644.1298828125,95.19000244140625,,
2155,2020-07-24,139.39999389648438,25.84000015258789,42.349998474121094,,2018-09-29,1191.5,6601.9599609375,95.19000244140625,,
2156,2020-07-27,139.61000061035156,24.739999771118164,41.369998931884766,,2018-09-30,1191.5,6625.56005859375,95.19000244140625,,
2157,2020-07-28,139.63999938964844,25.440000534057617,41.09000015258789,,2018-10-01,1187.0999755859375,6589.6201171875,95.30000305175781,,
2158,2020-07-29,140.86000061035156,24.100000381469727,39.58000183105469,,2018-10-02,1202.4000244140625,6556.10009765625,95.51000213623047,,
2159,2020-07-30,138.99000549316406,24.760000228881836,42.060001373291016,,2018-10-03,1198.300048828125,6502.58984375,95.76000213623047,,
2160,2020-07-31,138.99000549316406,24.459999084472656,44.43000030517578,,2018-10-04,1197.199951171875,6576.68994140625,95.75,,
2161,2020-08-03,141.55999755859375,24.280000686645508,41.560001373291016,,2018-10-05,1201.199951171875,6622.47998046875,95.62000274658203,,
2162,2020-08-04,141.77000427246094,23.760000228881836,40.279998779296875,,2018-10-06,1201.199951171875,6588.31005859375,95.62000274658203,,
2163,2020-08-05,139.58999633789062,22.989999771118164,37.119998931884766,,2018-10-07,1201.199951171875,6602.9501953125,95.62000274658203,,
2164,2020-08-06,139.58999633789062,22.649999618530273,37.59000015258789,,2018-10-08,1184.4000244140625,6652.22998046875,95.7699966430664,,
2165,2020-08-07,139.75,22.209999084472656,37.43000030517578,,2018-10-09,1187.199951171875,6642.64013671875,95.68000030517578,,
2166,2020-08-10,137.5,22.1299991607666,35.7400016784668,,2018-10-10,1189.300048828125,6585.52978515625,95.51000213623047,,
2167,2020-08-11,136.38999938964844,24.030000686645508,37.5,,2018-10-11,1223.5,6256.240234375,95.0199966430664,,
2168,2020-08-12,137.00999450683594,22.280000686645508,34.7400016784668,,2018-10-12,1218.0999755859375,6274.580078125,95.22000122070312,,
2169,2020-08-13,136.11000061035156,22.1299991607666,34.869998931884766,,2018-10-13,1218.0999755859375,6285.990234375,95.22000122070312,,
2170,2020-08-14,136.82000732421875,22.049999237060547,35.099998474121094,,2018-10-14,1218.0999755859375,6290.93017578125,95.22000122070312,,
2171,2020-08-17,137.4499969482422,21.350000381469727,32.43000030517578,,2018-10-15,1226.4000244140625,6596.5400390625,95.06999969482422,,
2172,2020-08-18,138.0800018310547,21.510000228881836,31.700000762939453,,2018-10-16,1227.300048828125,6596.10986328125,95.05000305175781,,
2173,2020-08-19,138.0800018310547,22.540000915527344,32.849998474121094,,2018-10-17,1223.699951171875,6544.43017578125,95.58000183105469,,
2174,2020-08-20,138.1999969482422,22.719999313354492,32.83000183105469,,2018-10-18,1226.5,6476.7099609375,95.9000015258789,,
2175,2020-08-21,144.0500030517578,22.540000915527344,33.68000030517578,,2018-10-19,1225.300048828125,6465.41015625,95.70999908447266,,
2176,2020-08-24,146.72999572753906,22.3700008392334,32.25,,2018-10-20,1225.300048828125,6489.18994140625,95.70999908447266,,
2177,2020-08-25,147.22999572753906,22.030000686645508,33.029998779296875,,2018-10-21,1225.300048828125,6482.35009765625,95.70999908447266,,
2178,2020-08-26,146.52999877929688,23.270000457763672,33.790000915527344,,2018-10-22,1221.199951171875,6487.16015625,96.01000213623047,,
2179,2020-08-27,142.08999633789062,24.469999313354492,33.7400016784668,,2018-10-23,1233.4000244140625,6475.740234375,95.95999908447266,,
2180,2020-08-28,145.07000732421875,22.959999084472656,32.060001373291016,,2018-10-24,1227.800048828125,6495.83984375,96.43000030517578,,
2181,2020-08-31,145.72999572753906,26.40999984741211,32.59000015258789,,2018-10-25,1229.0999755859375,6476.2900390625,96.68000030517578,,
2182,2020-09-01,144.6699981689453,26.1200008392334,31.739999771118164,,2018-10-26,1232.5,6474.75,96.36000061035156,,
2183,2020-09-02,142.27999877929688,26.56999969482422,35.4900016784668,,2018-10-27,1232.5,6480.3798828125,96.36000061035156,,
2184,2020-09-03,144.66000366210938,33.599998474121094,41.279998779296875,,2018-10-28,1232.5,6486.39013671875,96.36000061035156,,
2185,2020-09-04,144.66000366210938,30.75,44.02000045776367,,2018-10-29,1224.5,6332.6298828125,96.58000183105469,,
2186,2020-09-08,133.27999877929688,31.459999084472656,55.900001525878906,,2018-10-30,1222.5999755859375,6334.27001953125,97.01000213623047,,
2187,2020-09-09,132.50999450683594,28.809999465942383,49.41999816894531,,2018-10-31,1212.300048828125,6317.60986328125,97.12999725341797,,
2188,2020-09-10,130.16000366210938,29.709999084472656,52.15999984741211,,2018-11-01,1236.0,6377.77978515625,96.27999877929688,,
2189,2020-09-11,125.41999816894531,26.8700008392334,50.130001068115234,,2018-11-02,1230.9000244140625,6388.43994140625,96.54000091552734,,
2190,2020-09-14,125.41999816894531,25.850000381469727,49.40999984741211,,2018-11-03,1230.9000244140625,6361.259765625,96.54000091552734,,
2191,2020-09-15,130.9499969482422,25.59000015258789,45.189998626708984,,2018-11-04,1230.9000244140625,6376.1298828125,96.54000091552734,,
2192,2020-09-16,132.9499969482422,26.040000915527344,41.130001068115234,,2018-11-05,1229.800048828125,6419.66015625,96.3499984741211,,
2193,2020-09-17,136.05999755859375,26.459999084472656,38.72999954223633,,2018-11-06,1223.800048828125,6461.009765625,96.31999969482422,,
2194,2020-09-18,139.41000366210938,25.829999923706055,39.06999969482422,,2018-11-07,1226.199951171875,6530.14013671875,96.0,,
2195,2020-09-21,132.08999633789062,27.780000686645508,42.88999938964844,,2018-11-08,1222.9000244140625,6453.72021484375,96.63999938964844,,
2196,2020-09-22,130.63999938964844,26.860000610351562,41.279998779296875,,2018-11-09,1206.4000244140625,6385.6201171875,96.91000366210938,,
2197,2020-09-23,129.83999633789062,28.579999923706055,44.63999938964844,,2018-11-10,1206.4000244140625,6409.22021484375,96.91000366210938,,
2198,2020-09-24,129.83999633789062,28.510000228881836,42.880001068115234,,2018-11-11,1206.4000244140625,6411.27001953125,96.91000366210938,,
2199,2020-09-25,129.1699981689453,26.3799991607666,41.40999984741211,,2018-11-12,1201.300048828125,6371.27001953125,97.54000091552734,,
2200,2020-09-28,129.25999450683594,26.190000534057617,40.63999938964844,,2018-11-13,1199.199951171875,6359.490234375,97.30000305175781,,
2201,2020-09-29,123.93000030517578,26.270000457763672,46.130001068115234,,2018-11-14,1207.9000244140625,5738.35009765625,96.80000305175781,,
2202,2020-09-30,123.93000030517578,26.3700008392334,44.0,,2018-11-15,1212.800048828125,5648.02978515625,96.93000030517578,,
2203,2020-10-01,120.94000244140625,26.700000762939453,49.349998474121094,,2018-11-16,1220.800048828125,5575.5498046875,96.47000122070312,,
2204,2020-10-02,117.77999877929688,27.6299991607666,55.5099983215332,,2018-11-17,1220.800048828125,5554.330078125,96.47000122070312,,
2205,2020-10-05,119.52999877929688,27.959999084472656,49.439998626708984,,2018-11-18,1220.800048828125,5623.5400390625,96.47000122070312,,
2206,2020-10-06,119.52999877929688,29.479999542236328,46.599998474121094,,2018-11-19,1223.0999755859375,4871.490234375,96.19000244140625,,
2207,2020-10-07,120.5999984741211,28.059999465942383,45.5,,2018-11-20,1219.0,4451.8701171875,96.80999755859375,,
2208,2020-10-08,121.80999755859375,26.360000610351562,41.150001525878906,,2018-11-21,1225.800048828125,4602.169921875,96.70999908447266,,
2209,2020-10-09,121.80999755859375,25.0,42.380001068115234,,2018-11-22,1225.800048828125,4365.93994140625,96.70999908447266,,
2210,2020-10-12,123.94000244140625,25.06999969482422,44.040000915527344,,2018-11-23,1221.0,4347.10986328125,96.91999816894531,,
2211,2020-10-13,123.94000244140625,26.06999969482422,46.06999969482422,,2018-11-24,1221.0,3880.760009765625,96.91999816894531,,
2212,2020-10-14,122.5999984741211,26.399999618530273,43.529998779296875,,2018-11-25,1221.0,4009.969970703125,96.91999816894531,,
2213,2020-10-15,122.5999984741211,26.969999313354492,43.83000183105469,,2018-11-26,1220.199951171875,3779.1298828125,97.06999969482422,,
2214,2020-10-16,123.47000122070312,27.40999984741211,44.060001373291016,,2018-11-27,1211.199951171875,3820.719970703125,97.37000274658203,,
2215,2020-10-19,124.75,29.18000030517578,43.349998474121094,,2018-11-28,1221.4000244140625,4257.419921875,96.79000091552734,,
2216,2020-10-20,125.30999755859375,29.350000381469727,43.849998474121094,,2018-11-29,1224.0999755859375,4278.8466796875,96.77999877929688,,
2217,2020-10-21,124.37999725341797,28.649999618530273,47.58000183105469,,2018-11-30,1220.199951171875,4017.2685546875,97.2699966430664,,
2218,2020-10-22,124.94000244140625,28.110000610351562,46.61000061035156,,2018-12-01,1220.199951171875,4214.671875,97.2699966430664,,
2219,2020-10-23,126.69999694824219,27.549999237060547,46.31999969482422,,2018-12-02,1220.199951171875,4139.8779296875,97.2699966430664,,
2220,2020-10-26,126.05000305175781,32.459999084472656,53.04999923706055,,2018-12-03,1233.9000244140625,3894.130859375,97.04000091552734,,
2221,2020-10-27,126.05000305175781,33.349998474121094,50.220001220703125,,2018-12-04,1241.0999755859375,3956.893798828125,96.97000122070312,,
2222,2020-10-28,127.58000183105469,40.279998779296875,59.61000061035156,,2018-12-05,1241.0999755859375,3753.994873046875,96.97000122070312,,
2223,2020-10-29,129.3000030517578,37.59000015258789,63.380001068115234,,2018-12-06,1238.0999755859375,3521.101806640625,96.80999755859375,,
2224,2020-10-30,128.0500030517578,38.02000045776367,68.83999633789062,,2018-12-07,1246.800048828125,3419.937255859375,96.51000213623047,,
2225,2020-11-02,129.00999450683594,37.130001068115234,66.7300033569336,,2018-12-08,1246.800048828125,3476.11474609375,96.51000213623047,,
2226,2020-11-03,133.86000061035156,35.54999923706055,63.630001068115234,,2018-12-09,1246.800048828125,3614.234375,96.51000213623047,,
2227,2020-11-04,136.44000244140625,29.56999969482422,54.529998779296875,,2018-12-10,1243.699951171875,3502.656005859375,97.22000122070312,,
2228,2020-11-05,133.32000732421875,27.579999923706055,53.689998626708984,,2018-12-11,1241.9000244140625,3424.588134765625,97.38999938964844,,
2229,2020-11-06,127.6500015258789,24.860000610351562,55.75,,2018-12-12,1244.4000244140625,3486.9501953125,97.04000091552734,,
2230,2020-11-09,124.55999755859375,25.75,52.20000076293945,,2018-12-13,1242.699951171875,3313.67724609375,97.05999755859375,,
2231,2020-11-10,127.41000366210938,24.799999237060547,49.63999938964844,,2018-12-14,1237.0,3242.48486328125,97.44000244140625,,
2232,2020-11-11,126.30000305175781,23.450000762939453,49.2400016784668,,2018-12-15,1237.0,3236.76171875,97.44000244140625,,
2233,2020-11-12,129.47000122070312,25.350000381469727,50.900001525878906,,2018-12-16,1237.0,3252.839111328125,97.44000244140625,,
2234,2020-11-13,131.4199981689453,23.100000381469727,48.2400016784668,,2018-12-17,1247.4000244140625,3545.86474609375,97.0999984741211,,
2235,2020-11-16,129.3300018310547,22.450000762939453,46.88999938964844,,2018-12-18,1249.199951171875,3696.05908203125,97.13999938964844,,
2236,2020-11-17,129.55999755859375,22.709999084472656,45.08000183105469,,2018-12-19,1252.0999755859375,3745.95068359375,97.04000091552734,,
2237,2020-11-18,128.91000366210938,23.84000015258789,46.060001373291016,,2018-12-20,1263.5999755859375,4134.44140625,96.27999877929688,,
2238,2020-11-19,133.58999633789062,23.110000610351562,46.34000015258789,,2018-12-21,1253.800048828125,3896.543701171875,96.95999908447266,,
2239,2020-11-20,133.5500030517578,23.700000762939453,43.939998626708984,,2018-12-22,1253.800048828125,4014.1826171875,96.95999908447266,,
2240,2020-11-23,133.5399932861328,22.65999984741211,42.790000915527344,,2018-12-23,1253.800048828125,3998.980224609375,96.95999908447266,,
2241,2020-11-24,134.25999450683594,21.639999389648438,42.84000015258789,,2018-12-24,1267.5,4078.59912109375,96.55000305175781,,
2242,2020-11-25,134.19000244140625,21.25,43.560001373291016,,2018-12-25,1267.5,3815.49072265625,96.55000305175781,,
2243,2020-11-27,133.89999389648438,20.84000015258789,46.209999084472656,,2018-12-26,1269.199951171875,3857.297607421875,97.05000305175781,,
2244,2020-11-30,132.42999267578125,20.56999969482422,47.369998931884766,,2018-12-27,1277.300048828125,3654.83349609375,96.4800033569336,,
2245,2020-12-01,133.9499969482422,20.770000457763672,47.810001373291016,,2018-12-28,1279.9000244140625,3923.918701171875,96.38999938964844,,
2246,2020-12-02,132.60000610351562,21.170000076293945,45.68000030517578,,2018-12-29,1279.9000244140625,3820.40869140625,96.38999938964844,,
2247,2020-12-03,134.61000061035156,21.280000686645508,40.95000076293945,,2018-12-30,1279.9000244140625,3865.95263671875,96.38999938964844,,
2248,2020-12-04,132.4600067138672,20.790000915527344,38.34000015258789,,2018-12-31,1278.300048828125,3742.700439453125,96.16999816894531,,
2249,2020-12-07,133.0800018310547,21.299999237060547,37.68000030517578,,2019-01-01,1278.300048828125,3843.52001953125,96.16999816894531,,
2250,2020-12-08,132.44000244140625,20.68000030517578,37.70000076293945,,2019-01-02,1281.0,3943.409423828125,96.81999969482422,,
2251,2020-12-09,134.89999389648438,22.270000457763672,39.52000045776367,,2019-01-03,1291.800048828125,3836.7412109375,96.30999755859375,,
2252,2020-12-10,135.75,22.520000457763672,39.70000076293945,,2019-01-04,1282.699951171875,3857.717529296875,96.19000244140625,,
2253,2020-12-11,135.7100067138672,23.309999465942383,39.5099983215332,,2019-01-05,1282.699951171875,3845.194580078125,96.19000244140625,,
2254,2020-12-14,139.9199981689453,24.719999313354492,39.959999084472656,,2019-01-06,1282.699951171875,4076.632568359375,96.19000244140625,,
2255,2020-12-15,139.2899932861328,22.889999389648438,39.34000015258789,,2019-01-07,1286.800048828125,4025.248291015625,95.70999908447266,,
2256,2020-12-16,138.9499969482422,22.5,38.68000030517578,,2019-01-08,1283.199951171875,4030.847900390625,95.9000015258789,,
2257,2020-12-17,144.7899932861328,21.93000030517578,36.86000061035156,,2019-01-09,1289.300048828125,4035.29638671875,95.22000122070312,,
2258,2020-12-18,147.07000732421875,21.56999969482422,37.150001525878906,,2019-01-10,1284.699951171875,3678.924560546875,95.54000091552734,,
2259,2020-12-21,147.02000427246094,25.15999984741211,41.560001373291016,,2019-01-11,1287.0999755859375,3687.365478515625,95.66999816894531,,
2260,2020-12-22,146.52999877929688,24.229999542236328,42.060001373291016,,2019-01-12,1287.0999755859375,3661.301025390625,95.66999816894531,,
2261,2020-12-23,146.27000427246094,23.309999465942383,39.88999938964844,,2019-01-13,1287.0999755859375,3552.953125,95.66999816894531,,
2262,2020-12-24,147.38999938964844,21.530000686645508,39.40999984741211,,2019-01-14,1289.0999755859375,3706.05224609375,95.58999633789062,,
2263,2020-12-28,148.27000427246094,21.700000762939453,39.66999816894531,,2019-01-15,1286.199951171875,3630.67529296875,95.97000122070312,,
2264,2020-12-29,145.3000030517578,23.079999923706055,38.63999938964844,,2019-01-16,1291.5999755859375,3655.0068359375,96.05999755859375,,
2265,2020-12-30,142.74000549316406,22.770000457763672,38.0099983215332,,2019-01-17,1291.0,3678.56396484375,96.06999969482422,,
2266,2020-12-31,143.02999877929688,22.75,37.83000183105469,,2019-01-18,1281.300048828125,3657.83935546875,96.33999633789062,,
2267,2021-01-04,147.8300018310547,26.969999313354492,42.119998931884766,,2019-01-19,1281.300048828125,3728.568359375,96.33999633789062,,
2268,2021-01-05,143.83999633789062,25.34000015258789,40.38999938964844,,2019-01-20,1281.300048828125,3601.013671875,96.33999633789062,,
2269,2021-01-06,145.5,25.06999969482422,39.310001373291016,,2019-01-21,1281.300048828125,3576.032470703125,96.33999633789062,,
2270,2021-01-07,147.05999755859375,22.3700008392334,36.060001373291016,,2019-01-22,1282.5,3604.5771484375,96.30000305175781,,
2271,2021-01-08,145.9199981689453,21.559999465942383,36.650001525878906,,2019-01-23,1283.0999755859375,3585.123046875,96.12000274658203,,
2272,2021-01-11,139.25,24.079999923706055,35.310001373291016,,2019-01-24,1279.0999755859375,3600.865478515625,96.5999984741211,,
2273,2021-01-12,134.6999969482422,23.329999923706055,33.849998474121094,,2019-01-25,1297.4000244140625,3599.765869140625,95.79000091552734,,
2274,2021-01-13,139.99000549316406,22.209999084472656,36.790000915527344,,2019-01-26,1297.4000244140625,3602.46044921875,95.79000091552734,,
2275,2021-01-14,139.92999267578125,23.25,37.95000076293945,,2019-01-27,1297.4000244140625,3583.9658203125,95.79000091552734,,
2276,2021-01-15,138.05999755859375,24.34000015258789,40.38999938964844,,2019-01-28,1302.4000244140625,3470.450439453125,95.75,,
2277,2021-01-19,136.6999969482422,23.239999771118164,35.369998931884766,,2019-01-29,1308.199951171875,3448.116943359375,95.81999969482422,,
2278,2021-01-20,141.32000732421875,21.579999923706055,35.66999816894531,,2019-01-30,1309.9000244140625,3486.181640625,95.33999633789062,,
2279,2021-01-21,146.66000366210938,21.31999969482422,35.04999923706055,,2019-01-31,1319.699951171875,3457.792724609375,95.58000183105469,,
2280,2021-01-22,144.1999969482422,21.90999984741211,36.25,,2019-02-01,1316.9000244140625,3487.9453125,95.58000183105469,,
2281,2021-01-25,145.5500030517578,23.190000534057617,38.02000045776367,,2019-02-02,1316.9000244140625,3521.060791015625,95.58000183105469,,
2282,2021-01-26,143.30999755859375,23.020000457763672,37.130001068115234,,2019-02-03,1316.9000244140625,3464.013427734375,95.58000183105469,,
2283,2021-01-27,143.30999755859375,37.209999084472656,40.209999084472656,,2019-02-04,1314.300048828125,3459.154052734375,95.8499984741211,,
2284,2021-01-28,137.92999267578125,30.209999084472656,40.45000076293945,,2019-02-05,1314.199951171875,3466.357421875,96.0999984741211,,
2285,2021-01-29,145.83999633789062,33.09000015258789,40.20000076293945,,2019-02-06,1309.5,3413.767822265625,96.41999816894531,,
2286,2021-02-01,134.3000030517578,30.239999771118164,39.15999984741211,,2019-02-07,1309.4000244140625,3399.4716796875,96.51000213623047,,
2287,2021-02-02,141.6300048828125,25.559999465942383,38.619998931884766,,2019-02-08,1313.699951171875,3666.7802734375,96.63999938964844,,
2288,2021-02-03,141.14999389648438,22.90999984741211,37.11000061035156,,2019-02-09,1313.699951171875,3671.20361328125,96.63999938964844,,
2289,2021-02-04,136.58999633789062,21.770000457763672,35.369998931884766,,2019-02-10,1313.699951171875,3690.188232421875,96.63999938964844,,
2290,2021-02-05,136.00999450683594,20.8700008392334,34.939998626708984,,2019-02-11,1307.0,3648.4306640625,97.05999755859375,,
2291,2021-02-08,135.08999633789062,21.239999771118164,34.47999954223633,,2019-02-12,1309.199951171875,3653.528564453125,96.70999908447266,,
2292,2021-02-09,136.64999389648438,21.6299991607666,33.540000915527344,,2019-02-13,1310.800048828125,3632.070556640625,97.12999725341797,,
2293,2021-02-10,140.05999755859375,21.989999771118164,33.77000045776367,,2019-02-14,1309.800048828125,3616.880859375,96.9800033569336,,
2294,2021-02-11,139.3300018310547,21.25,34.33000183105469,,2019-02-15,1318.0999755859375,3620.810791015625,96.91999816894531,,
2295,2021-02-12,137.60000610351562,19.969999313354492,34.25,,2019-02-16,1318.0999755859375,3629.78759765625,96.91999816894531,,
2296,2021-02-16,137.66000366210938,21.459999084472656,35.130001068115234,,2019-02-17,1318.0999755859375,3673.836181640625,96.91999816894531,,
2297,2021-02-17,140.1699981689453,21.5,36.900001525878906,,2019-02-18,1318.0999755859375,3915.71435546875,96.91999816894531,,
2298,2021-02-18,144.4499969482422,22.489999771118164,37.900001525878906,,2019-02-19,1340.0999755859375,3947.094482421875,96.5199966430664,,
2299,2021-02-19,142.5500030517578,22.049999237060547,37.7599983215332,,2019-02-20,1343.300048828125,3999.820556640625,96.44999694824219,,
2300,2021-02-22,141.52999877929688,23.450000762939453,38.56999969482422,,2019-02-21,1323.5,3954.1181640625,96.61000061035156,,
2301,2021-02-23,138.82000732421875,23.110000610351562,39.75,,2019-02-22,1329.199951171875,4005.526611328125,96.51000213623047,,
2302,2021-02-24,136.63999938964844,21.34000015258789,39.58000183105469,,2019-02-23,1329.199951171875,4142.52685546875,96.51000213623047,,
2303,2021-02-25,138.52000427246094,28.889999389648438,40.58000183105469,,2019-02-24,1329.199951171875,3810.427490234375,96.51000213623047,,
2304,2021-02-26,142.07000732421875,27.950000762939453,42.4900016784668,,2019-02-25,1325.9000244140625,3882.6962890625,96.41000366210938,,
2305,2021-03-01,136.22999572753906,23.350000381469727,42.560001373291016,,2019-02-26,1325.0999755859375,3854.35791015625,96.0,,
2306,2021-03-02,141.3300018310547,24.100000381469727,40.959999084472656,,2019-02-27,1317.699951171875,3851.04736328125,96.1500015258789,,
2307,2021-03-03,141.67999267578125,26.670000076293945,39.83000183105469,,2019-02-28,1312.800048828125,3854.785400390625,96.16000366210938,,
2308,2021-03-04,140.52999877929688,28.56999969482422,37.27000045776367,,2019-03-01,1296.4000244140625,3859.583740234375,96.52999877929688,,
2309,2021-03-05,137.19000244140625,24.65999984741211,36.61000061035156,,2019-03-02,1296.4000244140625,3864.4150390625,96.52999877929688,,
2310,2021-03-08,135.89999389648438,25.469999313354492,38.88999938964844,,2019-03-03,1296.4000244140625,3847.17578125,96.52999877929688,,
2311,2021-03-09,137.00999450683594,24.030000686645508,37.970001220703125,,2019-03-04,1284.800048828125,3761.55712890625,96.68000030517578,,
2312,2021-03-10,134.4499969482422,22.559999465942383,37.560001373291016,,2019-03-05,1282.0,3896.375,96.8499984741211,,
2313,2021-03-11,138.57000732421875,21.90999984741211,37.86000061035156,,2019-03-06,1284.9000244140625,3903.942626953125,96.87000274658203,,
2314,2021-03-12,139.61000061035156,20.690000534057617,37.5099983215332,,2019-03-07,1283.800048828125,3911.484375,97.66999816894531,,
2315,2021-03-15,140.2899932861328,20.030000686645508,39.380001068115234,,2019-03-08,1297.0,3901.131591796875,97.37000274658203,,
2316,2021-03-16,141.25999450683594,19.790000915527344,39.099998474121094,,2019-03-09,1297.0,3963.313720703125,97.37000274658203,,
2317,2021-03-17,142.55999755859375,19.229999542236328,37.400001525878906,,2019-03-10,1297.0,3951.599853515625,97.37000274658203,,
2318,2021-03-18,143.19000244140625,21.579999923706055,48.439998626708984,,2019-03-11,1288.800048828125,3905.227294921875,97.22000122070312,,
2319,2021-03-19,148.11000061035156,20.950000762939453,44.380001068115234,,2019-03-12,1296.300048828125,3909.15625,96.94000244140625,,
2320,2021-03-22,141.47000122070312,18.8799991607666,40.279998779296875,,2019-03-13,1307.5,3906.71728515625,96.55000305175781,,
2321,2021-03-23,146.13999938964844,20.299999237060547,48.619998931884766,,2019-03-14,1293.4000244140625,3924.369140625,96.79000091552734,,
2322,2021-03-24,143.44000244140625,21.200000762939453,64.91000366210938,,2019-03-15,1301.800048828125,3960.9111328125,96.5999984741211,,
2323,2021-03-25,143.6999969482422,19.809999465942383,49.880001068115234,,2019-03-16,1301.800048828125,4048.725830078125,96.5999984741211,,
2324,2021-03-26,140.86000061035156,18.860000610351562,44.93000030517578,,2019-03-17,1301.800048828125,4025.22900390625,96.5999984741211,,
2325,2021-03-29,145.4600067138672,20.739999771118164,44.15999984741211,,2019-03-18,1300.300048828125,4032.50732421875,96.5199966430664,,
2326,2021-03-30,143.6699981689453,19.610000610351562,41.459999084472656,,2019-03-19,1305.0,4071.190185546875,96.37999725341797,,
2327,2021-03-31,142.1999969482422,19.399999618530273,45.650001525878906,,2019-03-20,1300.5,4087.476318359375,95.76000213623047,,
2328,2021-04-01,140.92999267578125,17.329999923706055,40.150001525878906,,2019-03-21,1306.0999755859375,4029.326904296875,96.5,,
2329,2021-04-05,136.2899932861328,17.90999984741211,42.0,,2019-03-22,1311.5999755859375,4023.96826171875,96.6500015258789,,
2330,2021-04-06,139.6300048828125,18.1200008392334,42.40999984741211,,2019-03-23,1311.5999755859375,4035.826416015625,96.6500015258789,,
2331,2021-04-07,142.44000244140625,17.15999984741211,41.27000045776367,,2019-03-24,1311.5999755859375,4022.168212890625,96.6500015258789,,
2332,2021-04-08,140.60000610351562,16.950000762939453,40.70000076293945,,2019-03-25,1321.9000244140625,3963.070556640625,96.56999969482422,,
2333,2021-04-09,139.0399932861328,16.690000534057617,39.189998626708984,,2019-03-26,1314.300048828125,3985.080810546875,96.73999786376953,,
2334,2021-04-12,132.8800048828125,16.90999984741211,37.040000915527344,,2019-03-27,1309.9000244140625,4087.066162109375,96.7699966430664,,
2335,2021-04-13,134.2899932861328,16.649999618530273,35.20000076293945,,2019-03-28,1289.800048828125,4069.107177734375,97.19999694824219,,
2336,2021-04-14,134.72000122070312,16.989999771118164,35.70000076293945,,2019-03-29,1293.0,4098.37451171875,97.27999877929688,,
2337,2021-04-15,137.6699981689453,16.56999969482422,34.20000076293945,,2019-03-30,1293.0,4106.66015625,97.27999877929688,,
2338,2021-04-16,139.2899932861328,16.25,32.790000915527344,,2019-03-31,1293.0,4105.404296875,97.27999877929688,,
2339,2021-04-19,138.3300018310547,17.290000915527344,35.06999969482422,,2019-04-01,1288.4000244140625,4158.18310546875,97.25,,
2340,2021-04-20,137.14999389648438,18.68000030517578,35.68000030517578,,2019-04-02,1290.0,4879.8779296875,97.36000061035156,,
2341,2021-04-21,134.8699951171875,17.5,42.439998626708984,,2019-04-03,1289.9000244140625,4973.02197265625,97.08999633789062,,
2342,2021-04-22,139.42999267578125,18.709999084472656,39.38999938964844,,2019-04-04,1289.0,4922.798828125,97.30999755859375,,
2343,2021-04-23,138.08999633789062,17.329999923706055,38.70000076293945,,2019-04-05,1290.4000244140625,5036.68115234375,97.4000015258789,,
2344,2021-04-26,140.08999633789062,17.639999389648438,41.22999954223633,,2019-04-06,1290.4000244140625,5059.8173828125,97.4000015258789,,
2345,2021-04-27,139.08999633789062,17.559999465942383,38.439998626708984,,2019-04-07,1290.4000244140625,5198.89697265625,97.4000015258789,,
2346,2021-04-28,139.1300048828125,17.280000686645508,36.41999816894531,,2019-04-08,1297.0999755859375,5289.77099609375,97.05000305175781,,
2347,2021-04-29,139.3699951171875,17.610000610351562,36.369998931884766,,2019-04-09,1303.5,5204.95849609375,97.01000213623047,,
2348,2021-04-30,139.3000030517578,18.610000610351562,38.38999938964844,,2019-04-10,1309.0999755859375,5324.5517578125,96.94999694824219,,
2349,2021-05-03,146.32000732421875,18.309999465942383,40.150001525878906,,2019-04-11,1288.5999755859375,5064.48779296875,97.18000030517578,,
2350,2021-05-04,143.75,19.479999542236328,37.150001525878906,,2019-04-12,1290.5999755859375,5089.5390625,96.97000122070312,,
2351,2021-05-05,139.22999572753906,19.149999618530273,38.33000183105469,,2019-04-13,1290.5999755859375,5096.58642578125,96.97000122070312,,
2352,2021-05-06,142.1199951171875,18.389999389648438,37.7400016784668,,2019-04-14,1290.5999755859375,5167.72216796875,96.97000122070312,,
2353,2021-05-07,144.47000122070312,16.690000534057617,37.630001068115234,,2019-04-15,1286.800048828125,5067.1083984375,96.94000244140625,,
2354,2021-05-10,145.75999450683594,19.65999984741211,37.9900016784668,,2019-04-16,1272.5999755859375,5235.5595703125,97.04000091552734,,
2355,2021-05-11,142.72000122070312,21.84000015258789,37.93000030517578,,2019-04-17,1272.199951171875,5251.93798828125,97.01000213623047,,
2356,2021-05-12,140.1199951171875,27.59000015258789,36.939998626708984,,2019-04-18,1271.9000244140625,5298.3857421875,97.47000122070312,,
2357,2021-05-13,142.60000610351562,23.1299991607666,37.939998626708984,,2019-04-19,1271.9000244140625,5303.8125,97.47000122070312,,
2358,2021-05-14,139.25999450683594,18.809999465942383,36.459999084472656,,2019-04-20,1271.9000244140625,5337.88623046875,97.47000122070312,,
2359,2021-05-17,139.0500030517578,19.719999313354492,36.41999816894531,,2019-04-21,1271.9000244140625,5314.53125,97.47000122070312,,
2360,2021-05-18,138.35000610351562,21.34000015258789,37.0099983215332,,2019-04-22,1273.5,5399.365234375,97.27999877929688,,
2361,2021-05-19,139.4600067138672,22.18000030517578,38.81999969482422,,2019-04-23,1269.300048828125,5572.3623046875,97.56999969482422,,
2362,2021-05-20,143.75,20.670000076293945,39.43000030517578,,2019-04-24,1275.5,5464.86669921875,98.0999984741211,,
2363,2021-05-21,142.9600067138672,20.149999618530273,39.34000015258789,,2019-04-25,1275.800048828125,5210.515625,98.19999694824219,,
2364,2021-05-24,144.50999450683594,18.399999618530273,35.540000915527344,,2019-04-26,1284.9000244140625,5279.34814453125,98.01000213623047,,
2365,2021-05-25,144.63999938964844,18.84000015258789,36.22999954223633,,2019-04-27,1284.9000244140625,5268.291015625,98.01000213623047,,
2366,2021-05-26,144.60000610351562,17.360000610351562,33.88999938964844,,2019-04-28,1284.9000244140625,5285.13916015625,98.01000213623047,,
2367,2021-05-27,149.82000732421875,16.739999771118164,33.630001068115234,,2019-04-29,1278.5999755859375,5247.3525390625,97.86000061035156,,
2368,2021-05-28,149.35000610351562,16.760000228881836,33.540000915527344,,2019-04-30,1282.800048828125,5350.7265625,97.4800033569336,,
2369,2021-06-01,155.30999755859375,17.899999618530273,33.43000030517578,,2019-05-01,1281.4000244140625,5402.697265625,97.69000244140625,,
2370,2021-06-02,149.0399932861328,17.479999542236328,32.77000045776367,,2019-05-02,1269.699951171875,5505.28369140625,97.83000183105469,,
2371,2021-06-03,148.58999633789062,18.040000915527344,33.88999938964844,,2019-05-03,1279.199951171875,5768.28955078125,97.5199966430664,,
2372,2021-06-04,145.2100067138672,16.420000076293945,31.760000228881836,,2019-05-04,1279.199951171875,5831.16748046875,97.5199966430664,,
2373,2021-06-07,147.75999450683594,16.420000076293945,31.700000762939453,,2019-05-05,1279.199951171875,5795.70849609375,97.5199966430664,,
2374,2021-06-08,151.2899932861328,17.06999969482422,31.950000762939453,,2019-05-06,1281.699951171875,5746.80712890625,97.5199966430664,,
2375,2021-06-09,150.6999969482422,17.889999389648438,31.790000915527344,,2019-05-07,1283.5,5829.50146484375,97.62999725341797,,
2376,2021-06-10,150.7100067138672,16.100000381469727,33.029998779296875,,2019-05-08,1279.4000244140625,5982.45751953125,97.62000274658203,,
2377,2021-06-11,154.80999755859375,15.649999618530273,32.54999923706055,,2019-05-09,1283.5,6174.52880859375,97.37000274658203,,
2378,2021-06-14,159.27999877929688,16.389999389648438,33.130001068115234,,2019-05-10,1285.699951171875,6378.84912109375,97.33000183105469,,
2379,2021-06-15,160.63999938964844,17.020000457763672,31.559999465942383,,2019-05-11,1285.699951171875,7204.771484375,97.33000183105469,,
2380,2021-06-16,161.35000610351562,18.149999618530273,33.83000183105469,,2019-05-12,1285.699951171875,6972.37158203125,97.33000183105469,,
2381,2021-06-17,155.97000122070312,17.75,36.84000015258789,,2019-05-13,1300.0999755859375,7814.9150390625,97.31999969482422,,
2382,2021-06-18,161.00999450683594,20.700000762939453,33.95000076293945,,2019-05-14,1294.699951171875,7994.416015625,97.52999877929688,,
2383,2021-06-21,158.36000061035156,17.889999389648438,35.0099983215332,,2019-05-15,1296.300048828125,8205.16796875,97.56999969482422,,
2384,2021-06-22,160.50999450683594,16.65999984741211,34.279998779296875,,2019-05-16,1285.0,7884.9091796875,97.83999633789062,,
2385,2021-06-23,154.85000610351562,16.31999969482422,34.68000030517578,,2019-05-17,1274.5,7343.8955078125,98.0,,
2386,2021-06-24,161.0399932861328,15.970000267028809,32.04999923706055,,2019-05-18,1274.5,7271.2080078125,98.0,,
2387,2021-06-25,170.5500030517578,15.619999885559082,31.299999237060547,,2019-05-19,1274.5,8197.689453125,98.0,,
2388,2021-06-28,162.08999633789062,15.760000228881836,31.860000610351562,,2019-05-20,1276.0999755859375,7978.30908203125,97.93000030517578,,
2389,2021-06-29,163.83999633789062,16.020000457763672,31.989999771118164,,2019-05-21,1272.0,7963.32763671875,98.05999755859375,,
2390,2021-06-30,161.85000610351562,15.829999923706055,32.7400016784668,,2019-05-22,1273.5999755859375,7680.06640625,98.11000061035156,,
2391,2021-07-01,155.64999389648438,15.479999542236328,32.470001220703125,,2019-05-23,1284.800048828125,7881.8466796875,97.8499984741211,,
2392,2021-07-02,157.94000244140625,15.069999694824219,32.869998931884766,,2019-05-24,1283.0,7987.37158203125,97.61000061035156,,
2393,2021-07-06,153.75,16.440000534057617,37.59000015258789,,2019-05-25,1283.0,8052.5439453125,97.61000061035156,,
2394,2021-07-07,152.14999389648438,16.200000762939453,42.0099983215332,,2019-05-26,1283.0,8673.2158203125,97.61000061035156,,
2395,2021-07-08,152.82000732421875,19.0,38.79999923706055,,2019-05-27,1283.0,8805.7783203125,97.61000061035156,,
2396,2021-07-09,155.6999969482422,16.18000030517578,37.02000045776367,,2019-05-28,1276.5,8719.9619140625,97.95999908447266,,
2397,2021-07-12,157.92999267578125,16.170000076293945,38.72999954223633,,2019-05-29,1280.5999755859375,8659.4873046875,98.13999938964844,,
2398,2021-07-13,154.39999389648438,17.1200008392334,35.400001525878906,,2019-05-30,1287.0999755859375,8319.47265625,98.13999938964844,,
2399,2021-07-14,154.30999755859375,16.329999923706055,38.20000076293945,,2019-05-31,1305.800048828125,8574.501953125,97.75,,
2400,2021-07-15,154.14999389648438,17.010000228881836,38.040000915527344,,2019-06-01,1305.800048828125,8564.0166015625,97.75,,
2401,2021-07-16,151.94000244140625,18.450000762939453,37.150001525878906,,2019-06-02,1305.800048828125,8742.9580078125,97.75,,
2402,2021-07-19,155.74000549316406,22.5,46.36000061035156,,2019-06-03,1322.699951171875,8208.9951171875,97.13999938964844,,
2403,2021-07-20,154.5,19.729999542236328,52.2599983215332,,2019-06-04,1323.4000244140625,7707.77099609375,97.06999969482422,,
2404,2021-07-21,155.33999633789062,17.90999984741211,42.90999984741211,,2019-06-05,1328.300048828125,7824.2314453125,97.37000274658203,,
2405,2021-07-22,152.6300048828125,17.690000534057617,36.439998626708984,,2019-06-06,1337.5999755859375,7822.0234375,97.02999877929688,,
2406,2021-07-23,159.44000244140625,17.200000762939453,34.04999923706055,,2019-06-07,1341.199951171875,8043.951171875,96.61000061035156,,
2407,2021-07-26,153.1999969482422,17.579999923706055,35.59000015258789,,2019-06-08,1341.199951171875,7954.1279296875,96.61000061035156,,
2408,2021-07-27,151.0399932861328,19.360000610351562,35.13999938964844,,2019-06-09,1341.199951171875,7688.0771484375,96.61000061035156,,
2409,2021-07-28,152.22999572753906,18.309999465942383,34.619998931884766,,2019-06-10,1324.699951171875,8000.32958984375,96.76000213623047,,
2410,2021-07-29,149.9600067138672,17.700000762939453,33.36000061035156,,2019-06-11,1326.4000244140625,7927.71435546875,96.69000244140625,,
2411,2021-07-30,153.7100067138672,18.239999771118164,32.849998474121094,,2019-06-12,1331.9000244140625,8145.857421875,97.0,,
2412,2021-08-02,153.3000030517578,19.459999084472656,36.22999954223633,,2019-06-13,1339.199951171875,8230.923828125,97.01000213623047,,
2413,2021-08-03,152.55999755859375,18.040000915527344,37.54999923706055,,2019-06-14,1340.0999755859375,8693.8330078125,97.56999969482422,,
2414,2021-08-04,151.39999389648438,17.969999313354492,42.27000045776367,,2019-06-15,1340.0999755859375,8838.375,97.56999969482422,,
2415,2021-08-05,148.27000427246094,17.280000686645508,39.09000015258789,,2019-06-16,1340.0999755859375,8994.48828125,97.56999969482422,,
2416,2021-08-06,148.27000427246094,16.149999618530273,39.310001373291016,,2019-06-17,1338.699951171875,9320.3525390625,97.55999755859375,,
2417,2021-08-09,148.27000427246094,16.719999313354492,43.279998779296875,,2019-06-18,1346.5999755859375,9081.7626953125,97.63999938964844,,
2418,2021-08-10,148.27000427246094,16.790000915527344,39.279998779296875,,2019-06-19,1344.5999755859375,9273.521484375,97.12000274658203,,
2419,2021-08-11,154.32000732421875,16.170000076293945,38.290000915527344,,2019-06-20,1392.9000244140625,9527.16015625,96.62999725341797,,
2420,2021-08-12,157.17999267578125,15.59000015258789,36.5,,2019-06-21,1396.199951171875,10144.556640625,96.22000122070312,,
2421,2021-08-13,159.66000366210938,15.449999809265137,35.90999984741211,,2019-06-22,1396.199951171875,10701.69140625,96.22000122070312,,
2422,2021-08-16,152.5399932861328,16.1200008392334,38.84000015258789,,2019-06-23,1396.199951171875,10855.37109375,96.22000122070312,,
2423,2021-08-17,149.0500030517578,17.90999984741211,39.5,,2019-06-24,1414.300048828125,11011.1025390625,95.9800033569336,,
2424,2021-08-18,148.5399932861328,21.56999969482422,40.86000061035156,,2019-06-25,1414.9000244140625,11790.9169921875,96.16000366210938,,
2425,2021-08-19,151.19000244140625,21.670000076293945,40.97999954223633,,2019-06-26,1411.5999755859375,13016.2314453125,96.20999908447266,,
2426,2021-08-20,153.50999450683594,18.559999465942383,40.66999816894531,,2019-06-27,1408.4000244140625,11182.806640625,96.19000244140625,,
2427,2021-08-23,159.02000427246094,17.149999618530273,38.66999816894531,,2019-06-28,1409.699951171875,12407.33203125,96.12999725341797,,
2428,2021-08-24,157.1300048828125,17.219999313354492,36.790000915527344,,2019-06-29,1409.699951171875,11959.37109375,96.12999725341797,,
2429,2021-08-25,159.50999450683594,16.790000915527344,35.599998474121094,,2019-06-30,1409.699951171875,10817.1552734375,96.12999725341797,,
2430,2021-08-26,157.25,18.84000015258789,36.33000183105469,,2019-07-01,1385.5999755859375,10583.134765625,96.83999633789062,,
2431,2021-08-27,162.42999267578125,16.389999389648438,34.93000030517578,,2019-07-02,1404.5999755859375,10801.677734375,96.7300033569336,,
2432,2021-08-30,157.99000549316406,16.190000534057617,35.27000045776367,,2019-07-03,1417.699951171875,11961.26953125,96.7699966430664,,
2433,2021-08-31,155.91000366210938,16.479999542236328,34.279998779296875,,2019-07-04,1417.699951171875,11215.4375,96.7699966430664,,
2434,2021-09-01,154.75,16.110000610351562,36.130001068115234,,2019-07-05,1396.699951171875,10978.4599609375,97.25,,
2435,2021-09-02,156.97999572753906,16.40999984741211,31.350000381469727,,2019-07-06,1396.699951171875,11208.55078125,97.25,,
2436,2021-09-03,162.27000427246094,16.40999984741211,36.90999984741211,,2019-07-07,1396.699951171875,11450.8466796875,97.25,,
2437,2021-09-07,162.27000427246094,18.139999389648438,32.90999984741211,,2019-07-08,1397.0,12285.9580078125,97.37999725341797,,
2438,2021-09-08,153.38999938964844,17.959999084472656,31.90999984741211,,2019-07-09,1397.5,12573.8125,97.48999786376953,,
2439,2021-09-09,149.97000122070312,18.799999237060547,33.869998931884766,,2019-07-10,1410.0999755859375,12156.5126953125,97.0999984741211,,
2440,2021-09-10,151.16000366210938,20.950000762939453,33.540000915527344,,2019-07-11,1404.300048828125,11358.662109375,97.05000305175781,,
2441,2021-09-13,148.5,19.3700008392334,32.7400016784668,,2019-07-12,1409.9000244140625,11815.986328125,96.80999755859375,,
2442,2021-09-14,146.72999572753906,19.459999084472656,33.630001068115234,,2019-07-13,1409.9000244140625,11392.37890625,96.80999755859375,,
2443,2021-09-15,154.3300018310547,18.18000030517578,32.380001068115234,,2019-07-14,1409.9000244140625,10256.05859375,96.80999755859375,,
2444,2021-09-16,152.8800048828125,18.690000534057617,33.15999984741211,,2019-07-15,1411.4000244140625,10895.08984375,96.93000030517578,,
2445,2021-09-17,149.52000427246094,20.809999465942383,32.31999969482422,,2019-07-16,1409.199951171875,9477.6416015625,97.4000015258789,,
2446,2021-09-20,141.57000732421875,25.709999084472656,35.22999954223633,,2019-07-17,1421.300048828125,9693.802734375,97.22000122070312,,
2447,2021-09-21,139.97999572753906,24.360000610351562,34.45000076293945,,2019-07-18,1426.0999755859375,10666.482421875,96.79000091552734,,
2448,2021-09-22,144.1199951171875,20.8700008392334,32.43000030517578,,2019-07-19,1425.0999755859375,10530.732421875,97.1500015258789,,
2449,2021-09-23,146.8699951171875,18.6299991607666,32.29999923706055,,2019-07-20,1425.0999755859375,10767.1396484375,97.1500015258789,,
2450,2021-09-24,145.6699981689453,17.75,34.0099983215332,,2019-07-21,1425.0999755859375,10599.10546875,97.1500015258789,,
2451,2021-09-27,144.66000366210938,18.760000228881836,34.97999954223633,,2019-07-22,1425.300048828125,10343.1064453125,97.26000213623047,,
2452,2021-09-28,140.0800018310547,23.25,36.099998474121094,,2019-07-23,1420.0999755859375,9900.767578125,97.70999908447266,,
2453,2021-09-29,137.99000549316406,22.559999465942383,35.2599983215332,,2019-07-24,1422.800048828125,9811.92578125,97.7300033569336,,
2454,2021-09-30,135.5500030517578,23.139999389648438,38.68000030517578,,2019-07-25,1413.9000244140625,9911.841796875,97.81999969482422,,
2455,2021-10-01,135.0500030517578,21.100000381469727,37.470001220703125,,2019-07-26,1418.5,9870.3037109375,98.01000213623047,,
2456,2021-10-04,130.8699951171875,22.959999084472656,37.27000045776367,,2019-07-27,1418.5,9477.677734375,98.01000213623047,,
2457,2021-10-05,131.67999267578125,21.299999237060547,37.20000076293945,,2019-07-28,1418.5,9552.8603515625,98.01000213623047,,
2458,2021-10-06,131.50999450683594,21.0,41.02000045776367,,2019-07-29,1419.5999755859375,9519.1455078125,98.04000091552734,,
2459,2021-10-07,133.32000732421875,19.540000915527344,46.150001525878906,,2019-07-30,1429.699951171875,9607.423828125,98.05000305175781,,
2460,2021-10-08,133.32000732421875,18.770000457763672,38.0,,2019-07-31,1426.0999755859375,10085.6279296875,98.5199966430664,,
2461,2021-10-11,134.6999969482422,20.0,38.5099983215332,,2019-08-01,1420.9000244140625,10399.6689453125,98.38999938964844,,
2462,2021-10-12,134.10000610351562,19.850000381469727,37.099998474121094,,2019-08-02,1445.5999755859375,10518.1748046875,98.0999984741211,,
2463,2021-10-13,135.77000427246094,18.639999389648438,36.04999923706055,,2019-08-03,1445.5999755859375,10821.7265625,98.0999984741211,,
2464,2021-10-14,143.77999877929688,16.860000610351562,36.97999954223633,,2019-08-04,1445.5999755859375,10970.1845703125,98.0999984741211,,
2465,2021-10-15,147.27000427246094,16.299999237060547,34.04999923706055,,2019-08-05,1464.5999755859375,11805.6533203125,97.5,,
2466,2021-10-18,143.77000427246094,16.309999465942383,35.02000045776367,,2019-08-06,1472.4000244140625,11478.1689453125,97.62999725341797,,
2467,2021-10-19,141.00999450683594,15.699999809265137,35.13999938964844,,2019-08-07,1507.300048828125,11941.96875,97.54000091552734,,
2468,2021-10-20,141.22999572753906,15.489999771118164,35.15999984741211,,2019-08-08,1497.699951171875,11966.4072265625,97.62000274658203,,
2469,2021-10-21,140.94000244140625,15.010000228881836,36.54999923706055,,2019-08-09,1496.5999755859375,11862.9365234375,97.48999786376953,,
2470,2021-10-22,139.33999633789062,15.430000305175781,36.869998931884766,,2019-08-10,1496.5999755859375,11354.0244140625,97.48999786376953,,
2471,2021-10-25,140.94000244140625,15.239999771118164,36.06999969482422,,2019-08-11,1496.5999755859375,11523.5791015625,97.48999786376953,,
2472,2021-10-26,141.3000030517578,15.979999542236328,35.5,,2019-08-12,1505.300048828125,11382.6162109375,97.37999725341797,,
2473,2021-10-27,140.60000610351562,16.979999542236328,37.630001068115234,,2019-08-13,1502.199951171875,10895.830078125,97.80999755859375,,
2474,2021-10-28,144.72999572753906,16.530000686645508,37.22999954223633,,2019-08-14,1515.9000244140625,10051.7041015625,97.98999786376953,,
2475,2021-10-29,148.08999633789062,16.260000228881836,37.91999816894531,,2019-08-15,1519.5999755859375,10311.5458984375,98.13999938964844,,
2476,2021-11-01,145.80999755859375,16.40999984741211,36.7400016784668,,2019-08-16,1512.5,10374.3388671875,98.13999938964844,,
2477,2021-11-02,146.67999267578125,16.030000686645508,35.560001373291016,,2019-08-17,1512.5,10231.744140625,98.13999938964844,,
2478,2021-11-03,149.77000427246094,15.100000381469727,39.439998626708984,,2019-08-18,1512.5,10345.810546875,98.13999938964844,,
2479,2021-11-04,151.6699981689453,15.4399995803833,38.560001373291016,,2019-08-19,1500.4000244140625,10916.0537109375,98.3499984741211,,
2480,2021-11-05,148.8300018310547,16.479999542236328,37.84000015258789,,2019-08-20,1504.5999755859375,10763.232421875,98.19000244140625,,
2481,2021-11-08,149.24000549316406,17.219999313354492,37.709999084472656,,2019-08-21,1504.5999755859375,10138.0498046875,98.30000305175781,,
2482,2021-11-09,144.08999633789062,17.780000686645508,36.33000183105469,,2019-08-22,1497.300048828125,10131.0556640625,98.16999816894531,,
2483,2021-11-10,144.88999938964844,18.729999542236328,37.09000015258789,,2019-08-23,1526.5999755859375,10407.96484375,97.63999938964844,,
2484,2021-11-11,144.02999877929688,17.65999984741211,36.20000076293945,,2019-08-24,1526.5999755859375,10159.9609375,97.63999938964844,,
2485,2021-11-12,144.3699951171875,16.290000915527344,36.099998474121094,,2019-08-25,1526.5999755859375,10138.517578125,97.63999938964844,,
2486,2021-11-15,142.3800048828125,16.489999771118164,36.41999816894531,,2019-08-26,1526.300048828125,10370.8203125,98.08000183105469,,
2487,2021-11-16,139.55999755859375,16.3700008392334,34.689998626708984,,2019-08-27,1541.0,10185.5,98.0,,
2488,2021-11-17,141.9600067138672,17.110000610351562,33.75,,2019-08-28,1537.800048828125,9754.4228515625,98.20999908447266,,
2489,2021-11-18,144.8000030517578,17.59000015258789,37.68000030517578,,2019-08-29,1526.5,9510.2001953125,98.51000213623047,,
2490,2021-11-19,148.44000244140625,17.90999984741211,37.130001068115234,,2019-08-30,1519.0999755859375,9598.173828125,98.91999816894531,,
2491,2021-11-22,147.44000244140625,19.170000076293945,36.61000061035156,,2019-08-31,1519.0999755859375,9630.6640625,98.91999816894531,,
2492,2021-11-23,146.99000549316406,19.3799991607666,35.099998474121094,,2019-09-01,1519.0999755859375,9757.970703125,98.91999816894531,,
2493,2021-11-24,148.14999389648438,18.579999923706055,34.790000915527344,,2019-09-02,1519.0999755859375,10346.7607421875,98.91999816894531,,
2494,2021-11-26,148.27000427246094,28.6200008392334,65.72000122070312,,2019-09-03,1545.9000244140625,10623.5400390625,98.94999694824219,,
2495,2021-11-29,149.92999267578125,22.959999084472656,63.34000015258789,,2019-09-04,1550.300048828125,10594.4931640625,98.44999694824219,,
2496,2021-11-30,150.5500030517578,27.190000534057617,75.2300033569336,,2019-09-05,1515.4000244140625,10575.533203125,98.41000366210938,,
2497,2021-12-01,155.2100067138672,31.1200008392334,78.18000030517578,,2019-09-06,1506.199951171875,10353.302734375,98.38999938964844,,
2498,2021-12-02,151.3800048828125,27.950000762939453,57.27000045776367,,2019-09-07,1506.199951171875,10517.2548828125,98.38999938964844,,
2499,2021-12-03,149.63999938964844,30.670000076293945,64.55000305175781,,2019-09-08,1506.199951171875,10441.2763671875,98.38999938964844,,
2500,2021-12-06,151.63999938964844,27.18000030517578,56.209999084472656,,2019-09-09,1502.199951171875,10334.974609375,98.27999877929688,,
2501,2021-12-07,151.66000366210938,21.889999389648438,48.150001525878906,,2019-09-10,1490.300048828125,10115.9755859375,98.33000183105469,,
2502,2021-12-08,151.1999969482422,19.899999618530273,45.220001220703125,,2019-09-11,1494.4000244140625,10178.3720703125,98.6500015258789,,
2503,2021-12-09,149.66000366210938,21.579999923706055,47.43000030517578,,2019-09-12,1498.699951171875,10410.126953125,98.30999755859375,,
2504,2021-12-10,147.33999633789062,18.690000534057617,46.22999954223633,,2019-09-13,1490.9000244140625,10360.546875,98.26000213623047,,
2505,2021-12-13,146.07000732421875,20.309999465942383,45.880001068115234,,2019-09-14,1490.9000244140625,10358.048828125,98.26000213623047,,
2506,2021-12-14,137.75999450683594,21.889999389648438,54.7599983215332,,2019-09-15,1490.9000244140625,10347.712890625,98.26000213623047,,
2507,2021-12-15,141.75,19.290000915527344,56.529998779296875,,2019-09-16,1503.0999755859375,10276.7939453125,98.6500015258789,,
2508,2021-12-16,140.2899932861328,20.56999969482422,49.970001220703125,,2019-09-17,1505.0999755859375,10241.2724609375,98.26000213623047,,
2509,2021-12-17,134.94000244140625,21.56999969482422,48.310001373291016,,2019-09-18,1507.5,10198.248046875,98.5999984741211,,
2510,2021-12-20,131.7100067138672,22.8700008392334,60.2400016784668,,2019-09-19,1498.4000244140625,10266.4150390625,98.2699966430664,,
2511,2021-12-21,136.3300018310547,21.010000228881836,52.310001373291016,,2019-09-20,1507.300048828125,10181.6416015625,98.51000213623047,,
2512,2021-12-22,136.3300018310547,18.6299991607666,46.0,,2019-09-21,1507.300048828125,10019.716796875,98.51000213623047,,
2513,2021-12-23,150.25999450683594,17.959999084472656,43.709999084472656,,2019-09-22,1507.300048828125,10070.392578125,98.51000213623047,,
2514,2021-12-27,151.8699951171875,17.68000030517578,43.58000183105469,,2019-09-23,1523.699951171875,9729.32421875,98.5999984741211,,
2515,2021-12-28,153.2100067138672,17.540000915527344,41.22999954223633,,2019-09-24,1532.0999755859375,8620.56640625,98.33999633789062,,
2516,2021-12-29,156.24000549316406,16.950000762939453,40.2400016784668,,2019-09-25,1504.5999755859375,8486.9931640625,99.04000091552734,,
2517,2021-12-30,155.27000427246094,17.329999923706055,40.20000076293945,,2019-09-26,1507.5,8118.9677734375,99.20999908447266,,
2518,2021-12-31,154.3800048828125,17.219999313354492,42.619998931884766,,2019-09-27,1499.0999755859375,8251.845703125,99.11000061035156,,
2519,2022-01-03,151.49000549316406,16.600000381469727,37.56999969482422,,2019-09-28,1499.0999755859375,8245.9150390625,99.11000061035156,,
2520,2022-01-04,150.36000061035156,16.90999984741211,39.47999954223633,,2019-09-29,1499.0999755859375,8104.185546875,99.11000061035156,,
2521,2022-01-05,143.41000366210938,19.729999542236328,44.4900016784668,,2019-09-30,1465.699951171875,8293.8681640625,99.37999725341797,,
2522,2022-01-06,140.77000427246094,19.610000610351562,36.86000061035156,,2019-10-01,1482.0,8343.2763671875,99.12999725341797,,
2523,2022-01-07,139.13999938964844,18.760000228881836,37.0,,2019-10-02,1501.0,8393.0419921875,99.04000091552734,,
2524,2022-01-10,139.24000549316406,19.399999618530273,37.650001525878906,,2019-10-03,1507.0999755859375,8259.9921875,98.86000061035156,,
2525,2022-01-11,138.08999633789062,18.40999984741211,34.310001373291016,,2019-10-04,1506.199951171875,8205.939453125,98.80999755859375,,
2526,2022-01-12,135.72999572753906,17.6200008392334,34.38999938964844,,2019-10-05,1506.199951171875,8151.50048828125,98.80999755859375,,
2527,2022-01-13,133.1300048828125,20.309999465942383,37.11000061035156,,2019-10-06,1506.199951171875,7988.15576171875,98.80999755859375,,
2528,2022-01-14,133.85000610351562,19.190000534057617,41.18000030517578,,2019-10-07,1497.699951171875,8245.623046875,98.98999786376953,,
2529,2022-01-18,129.72000122070312,22.790000915527344,42.279998779296875,,2019-10-08,1497.199951171875,8228.783203125,99.13999938964844,,
2530,2022-01-19,134.72999572753906,23.850000381469727,42.75,,2019-10-09,1506.0999755859375,8595.740234375,99.12000274658203,,
2531,2022-01-20,127.58000183105469,25.59000015258789,41.150001525878906,,2019-10-10,1494.800048828125,8586.4736328125,98.70999908447266,,
2532,2022-01-21,136.17999267578125,28.850000381469727,42.56999969482422,,2019-10-11,1482.699951171875,8321.7568359375,98.30000305175781,,
2533,2022-01-24,136.05999755859375,29.899999618530273,47.84000015258789,,2019-10-12,1482.699951171875,8336.5556640625,98.30000305175781,,
2534,2022-01-25,133.89999389648438,31.15999984741211,47.630001068115234,,2019-10-13,1482.699951171875,8321.005859375,98.30000305175781,,
2535,2022-01-26,133.3800048828125,31.959999084472656,45.66999816894531,,2019-10-14,1491.699951171875,8374.6865234375,98.44999694824219,,
2536,2022-01-27,132.22000122070312,30.489999771118164,46.900001525878906,,2019-10-15,1477.5999755859375,8205.369140625,98.29000091552734,,
2537,2022-01-28,132.9600067138672,27.65999984741211,47.7400016784668,,2019-10-16,1488.0,8047.52685546875,98.01000213623047,,
2538,2022-01-31,131.44000244140625,24.829999923706055,42.349998474121094,,2019-10-17,1492.300048828125,8103.9111328125,97.61000061035156,,
2539,2022-02-01,133.0,21.959999084472656,41.310001373291016,,2019-10-18,1488.199951171875,7973.20751953125,97.27999877929688,,
2540,2022-02-02,133.0,22.09000015258789,41.86000061035156,,2019-10-19,1488.199951171875,7988.560546875,97.27999877929688,,
2541,2022-02-03,132.75,24.350000381469727,42.150001525878906,,2019-10-20,1488.199951171875,8222.078125,97.27999877929688,,
2542,2022-02-04,132.75,23.219999313354492,43.880001068115234,,2019-10-21,1482.4000244140625,8243.720703125,97.33000183105469,,
2543,2022-02-07,132.75,22.860000610351562,43.34000015258789,,2019-10-22,1481.699951171875,8078.203125,97.52999877929688,,
2544,2022-02-08,127.72000122070312,21.440000534057617,41.2599983215332,,2019-10-23,1489.9000244140625,7514.671875,97.47000122070312,,
2545,2022-02-09,129.77999877929688,19.959999084472656,39.400001525878906,,2019-10-24,1498.9000244140625,7493.48876953125,97.62999725341797,,
2546,2022-02-10,128.11000061035156,23.90999984741211,43.810001373291016,,2019-10-25,1499.5,8660.7001953125,97.83000183105469,,
2547,2022-02-11,126.80999755859375,27.360000610351562,47.439998626708984,,2019-10-26,1499.5,9244.97265625,97.83000183105469,,
2548,2022-02-14,128.1199951171875,28.329999923706055,48.83000183105469,,2019-10-27,1499.5,9551.71484375,97.83000183105469,,
2549,2022-02-15,129.75999450683594,25.700000762939453,48.36000061035156,,2019-10-28,1490.0,9256.1484375,97.76000213623047,,
2550,2022-02-16,132.75,24.290000915527344,49.380001068115234,,2019-10-29,1487.0,9427.6875,97.69000244140625,,
2551,2022-02-17,131.30999755859375,28.110000610351562,53.13999938964844,,2019-10-30,1493.199951171875,9205.7265625,97.6500015258789,,
2552,2022-02-18,128.36000061035156,27.75,52.0099983215332,,2019-10-31,1511.4000244140625,9199.5849609375,97.3499984741211,,
2553,2022-02-22,128.3300018310547,28.809999465942383,50.11000061035156,,2019-11-01,1508.0,9261.1044921875,97.23999786376953,,
2554,2022-02-23,126.87999725341797,31.020000457763672,50.5099983215332,,2019-11-02,1508.0,9324.7177734375,97.23999786376953,,
2555,2022-02-24,130.47999572753906,30.31999969482422,49.040000915527344,,2019-11-03,1508.0,9235.3544921875,97.23999786376953,,
2556,2022-02-25,132.50999450683594,27.59000015258789,49.5,,2019-11-04,1508.0,9412.6123046875,97.51000213623047,,
2557,2022-02-28,137.36000061035156,30.149999618530273,52.5,,2019-11-05,1480.800048828125,9342.52734375,97.9800033569336,,
2558,2022-03-01,134.4199981689453,33.31999969482422,61.43000030517578,,2019-11-06,1490.199951171875,9360.8798828125,97.94999694824219,,
2559,2022-03-02,136.11000061035156,30.739999771118164,61.529998779296875,,2019-11-07,1464.199951171875,9267.5615234375,98.13999938964844,,
2560,2022-03-03,133.27999877929688,30.479999542236328,64.37000274658203,,2019-11-08,1461.300048828125,8804.880859375,98.3499984741211,,
2561,2022-03-04,133.27999877929688,31.979999542236328,77.29000091552734,,2019-11-09,1461.300048828125,8813.58203125,98.3499984741211,,
2562,2022-03-07,136.69000244140625,36.45000076293945,78.91000366210938,,2019-11-10,1461.300048828125,9055.5263671875,98.3499984741211,,
2563,2022-03-08,135.25,35.130001068115234,75.81999969482422,,2019-11-11,1455.5,8757.7880859375,98.19999694824219,,
2564,2022-03-09,134.1199951171875,32.45000076293945,73.25,,2019-11-12,1452.0999755859375,8815.662109375,98.30999755859375,,
2565,2022-03-10,130.94000244140625,30.229999542236328,67.33999633789062,,2019-11-13,1461.699951171875,8808.2626953125,98.37000274658203,,
2566,2022-03-11,130.6999969482422,30.75,68.01000213623047,,2019-11-14,1471.800048828125,8708.0947265625,98.16000366210938,,
2567,2022-03-14,131.80999755859375,31.770000457763672,65.41999816894531,,2019-11-15,1467.300048828125,8491.9921875,98.0,,
2568,2022-03-15,130.66000366210938,29.829999923706055,63.619998931884766,,2019-11-16,1467.300048828125,8550.7607421875,98.0,,
2569,2022-03-16,132.0,26.670000076293945,59.349998474121094,,2019-11-17,1467.300048828125,8577.9755859375,98.0,,
2570,2022-03-17,134.92999267578125,25.670000076293945,67.77999877929688,,2019-11-18,1470.9000244140625,8309.2861328125,97.79000091552734,,
2571,2022-03-18,136.63999938964844,23.8700008392334,69.08999633789062,,2019-11-19,1473.300048828125,8206.1455078125,97.86000061035156,,
2572,2022-03-21,135.72999572753906,23.530000686645508,70.77999877929688,,2019-11-20,1473.300048828125,8027.26806640625,97.93000030517578,,
2573,2022-03-22,139.72000122070312,22.940000534057617,69.55999755859375,,2019-11-21,1463.0999755859375,7642.75,97.98999786376953,,
2574,2022-03-23,136.7100067138672,23.56999969482422,72.58999633789062,,2019-11-22,1463.0999755859375,7296.57763671875,98.2699966430664,,
2575,2022-03-24,138.38999938964844,21.670000076293945,69.13999938964844,,2019-11-23,1463.0999755859375,7397.796875,98.2699966430664,,
2576,2022-03-25,140.25999450683594,20.809999465942383,68.91000366210938,,2019-11-24,1463.0999755859375,7047.9169921875,98.2699966430664,,
2577,2022-03-28,138.8699951171875,19.6299991607666,67.04000091552734,,2019-11-25,1456.5999755859375,7146.1337890625,98.31999969482422,,
2578,2022-03-29,140.0,18.899999618530273,62.459999084472656,,2019-11-26,1459.800048828125,7218.37109375,98.25,,
2579,2022-03-30,139.27999877929688,19.329999923706055,61.040000915527344,,2019-11-27,1453.4000244140625,7531.66357421875,98.41000366210938,,
2580,2022-03-31,140.72999572753906,20.559999465942383,57.65999984741211,,2019-11-28,1453.4000244140625,7463.10595703125,98.41000366210938,,
2581,2022-04-01,145.50999450683594,19.6299991607666,54.36000061035156,,2019-11-29,1465.5999755859375,7761.24365234375,98.2699966430664,,
2582,2022-04-04,146.47999572753906,18.56999969482422,54.310001373291016,,2019-11-30,1465.5999755859375,7569.6298828125,98.2699966430664,,
2583,2022-04-05,141.3300018310547,21.030000686645508,53.79999923706055,,2019-12-01,1465.5999755859375,7424.29248046875,98.2699966430664,,
2584,2022-04-06,144.27000427246094,22.100000381469727,53.150001525878906,,2019-12-02,1462.300048828125,7321.98828125,97.86000061035156,,
2585,2022-04-07,139.5500030517578,21.549999237060547,54.22999954223633,,2019-12-03,1478.199951171875,7320.1455078125,97.73999786376953,,
2586,2022-04-08,141.50999450683594,21.15999984741211,53.13999938964844,,2019-12-04,1474.0,7252.03466796875,97.6500015258789,,
2587,2022-04-11,137.91000366210938,24.3700008392334,54.810001373291016,,2019-12-05,1476.9000244140625,7448.3076171875,97.41000366210938,,
2588,2022-04-12,137.6199951171875,24.260000228881836,55.25,,2019-12-06,1459.0999755859375,7546.99658203125,97.69999694824219,,
2589,2022-04-13,139.86000061035156,21.81999969482422,51.20000076293945,,2019-12-07,1459.0999755859375,7556.23779296875,97.69999694824219,,
2590,2022-04-14,134.38999938964844,22.700000762939453,53.380001068115234,,2019-12-08,1459.0999755859375,7564.34521484375,97.69999694824219,,
2591,2022-04-18,130.94000244140625,22.170000076293945,50.939998626708984,,2019-12-09,1459.300048828125,7400.8994140625,97.63999938964844,,
2592,2022-04-19,130.94000244140625,21.3700008392334,50.34000015258789,,2019-12-10,1462.5999755859375,7278.11962890625,97.41000366210938,,
2593,2022-04-20,134.17999267578125,20.31999969482422,52.22999954223633,,2019-12-11,1469.4000244140625,7217.42724609375,97.16000366210938,,
2594,2022-04-21,132.72000122070312,22.68000030517578,49.86000061035156,,2019-12-12,1466.699951171875,7243.13427734375,97.4000015258789,,
2595,2022-04-22,136.22000122070312,28.209999084472656,51.150001525878906,,2019-12-13,1475.5999755859375,7269.6845703125,97.16999816894531,,
2596,2022-04-25,133.4199981689453,27.020000457763672,52.86000061035156,,2019-12-14,1475.5999755859375,7124.673828125,97.16999816894531,,
2597,2022-04-26,133.4199981689453,33.52000045776367,53.56999969482422,,2019-12-15,1475.5999755859375,7152.3017578125,97.16999816894531,,
2598,2022-04-27,138.08999633789062,31.600000381469727,53.380001068115234,,2019-12-16,1475.0,6932.48046875,97.06999969482422,,
2599,2022-04-28,136.35000610351562,29.989999771118164,51.939998626708984,,2019-12-17,1474.5999755859375,6640.51513671875,97.20999908447266,,
2600,2022-04-29,136.69000244140625,33.400001525878906,53.099998474121094,,2019-12-18,1472.5999755859375,7276.802734375,97.41000366210938,,
2601,2022-05-02,131.39999389648438,32.34000015258789,54.150001525878906,,2019-12-19,1478.199951171875,7202.84423828125,97.41999816894531,,
2602,2022-05-03,129.0,29.25,54.040000915527344,,2019-12-20,1474.699951171875,7218.81640625,97.70999908447266,,
2603,2022-05-04,127.75,25.420000076293945,53.150001525878906,,2019-12-21,1474.699951171875,7191.15869140625,97.70999908447266,,
2604,2022-05-05,128.64999389648438,31.200000762939453,54.720001220703125,,2019-12-22,1474.699951171875,7511.5888671875,97.70999908447266,,
2605,2022-05-06,126.20999908447266,30.190000534057617,54.81999969482422,,2019-12-23,1482.5,7355.62841796875,97.66000366210938,,
2606,2022-05-09,127.05000305175781,34.75,57.900001525878906,,2019-12-24,1499.0999755859375,7322.5322265625,97.6500015258789,,
2607,2022-05-10,125.86000061035156,32.9900016784668,56.060001373291016,,2019-12-25,1499.0999755859375,7275.15576171875,97.6500015258789,,
2608,2022-05-11,124.51000213623047,32.560001373291016,53.43000030517578,,2019-12-26,1509.300048828125,7238.966796875,97.58999633789062,,
2609,2022-05-12,119.91000366210938,31.770000457763672,52.709999084472656,,2019-12-27,1513.800048828125,7290.08837890625,96.91999816894531,,
2610,2022-05-13,122.08999633789062,28.8700008392334,51.220001220703125,,2019-12-28,1513.800048828125,7317.990234375,96.91999816894531,,
2611,2022-05-16,117.52999877929688,27.469999313354492,51.88999938964844,,2019-12-29,1513.800048828125,7422.65283203125,96.91999816894531,,
2612,2022-05-17,117.68000030517578,26.100000381469727,50.34000015258789,,2019-12-30,1514.5,7292.9951171875,96.73999786376953,,
2613,2022-05-18,123.45999908447266,30.959999084472656,51.88999938964844,,2019-12-31,1519.5,7193.59912109375,96.38999938964844,,
2614,2022-05-19,122.66000366210938,29.350000381469727,51.15999984741211,,2020-01-01,1519.5,7200.17431640625,96.38999938964844,,
2615,2022-05-20,122.31999969482422,29.43000030517578,50.720001220703125,,2020-01-02,1524.5,6985.47021484375,96.8499984741211,,
2616,2022-05-23,120.55000305175781,28.479999542236328,48.630001068115234,,2020-01-03,1549.199951171875,7344.88427734375,96.83999633789062,,
2617,2022-05-24,122.95999908447266,29.450000762939453,47.040000915527344,,2020-01-04,1549.199951171875,7410.65673828125,96.83999633789062,,
2618,2022-05-25,118.8499984741211,28.3700008392334,46.7599983215332,,2020-01-05,1549.199951171875,7411.3173828125,96.83999633789062,,
2619,2022-05-26,122.27999877929688,27.5,46.029998779296875,,2020-01-06,1566.199951171875,7769.21923828125,96.66999816894531,,
2620,2022-05-27,121.25,25.719999313354492,47.91999816894531,,2020-01-07,1571.800048828125,8163.6923828125,96.9800033569336,,
2621,2022-05-31,119.0999984741211,26.190000534057617,49.81999969482422,,2020-01-08,1557.4000244140625,8079.86279296875,97.30000305175781,,
2622,2022-06-01,119.30000305175781,25.690000534057617,49.13999938964844,,2020-01-09,1551.699951171875,7879.0712890625,97.44999694824219,,
2623,2022-06-02,121.4000015258789,24.719999313354492,47.79999923706055,,2020-01-10,1557.5,8166.55419921875,97.36000061035156,,
2624,2022-06-03,122.25,24.790000915527344,46.22999954223633,,2020-01-11,1557.5,8037.53759765625,97.36000061035156,,
2625,2022-06-06,122.36000061035156,25.06999969482422,47.900001525878906,,2020-01-12,1557.5,8192.494140625,97.36000061035156,,
2626,2022-06-07,120.66000366210938,24.020000457763672,45.880001068115234,,2020-01-13,1548.4000244140625,8144.1943359375,97.3499984741211,,
2627,2022-06-08,119.12999725341797,23.959999084472656,44.369998931884766,,2020-01-14,1542.4000244140625,8827.7646484375,97.37000274658203,,
2628,2022-06-09,120.66000366210938,26.09000015258789,43.869998931884766,,2020-01-15,1552.0999755859375,8807.0107421875,97.2300033569336,,
2629,2022-06-10,121.63999938964844,27.75,42.91999816894531,,2020-01-16,1549.0,8723.7861328125,97.31999969482422,,
2630,2022-06-13,124.13999938964844,34.02000045776367,47.560001373291016,,2020-01-17,1558.800048828125,8929.0380859375,97.61000061035156,,
2631,2022-06-14,125.16000366210938,32.689998626708984,46.630001068115234,,2020-01-18,1558.800048828125,8942.80859375,97.61000061035156,,
2632,2022-06-15,118.36000061035156,29.6200008392334,47.040000915527344,,2020-01-19,1558.800048828125,8706.2451171875,97.61000061035156,,
2633,2022-06-16,122.4800033569336,32.95000076293945,46.27000045776367,,2020-01-20,1558.800048828125,8657.642578125,97.61000061035156,,
2634,2022-06-17,121.1500015258789,31.1299991607666,49.189998626708984,,2020-01-21,1556.4000244140625,8745.89453125,97.52999877929688,,
2635,2022-06-21,121.37999725341797,30.190000534057617,46.560001373291016,,2020-01-22,1555.300048828125,8680.8759765625,97.52999877929688,,
2636,2022-06-22,119.22000122070312,28.950000762939453,48.9900016784668,,2020-01-23,1564.5999755859375,8406.515625,97.69000244140625,,
2637,2022-06-23,121.11000061035156,29.049999237060547,48.58000183105469,,2020-01-24,1571.0999755859375,8445.4345703125,97.8499984741211,,
2638,2022-06-24,120.43000030517578,27.229999542236328,46.9900016784668,,2020-01-25,1571.0999755859375,8367.84765625,97.8499984741211,,
2639,2022-06-27,119.9800033569336,26.950000762939453,46.9900016784668,,2020-01-26,1571.0999755859375,8596.830078125,97.8499984741211,,
2640,2022-06-28,120.45999908447266,28.360000610351562,46.59000015258789,,2020-01-27,1576.800048828125,8909.8193359375,97.95999908447266,,
2641,2022-06-29,119.26000213623047,28.15999984741211,48.56999969482422,,2020-01-28,1569.199951171875,9358.58984375,98.0199966430664,,
2642,2022-06-30,119.94000244140625,28.709999084472656,48.900001525878906,,2020-01-29,1569.800048828125,9316.6298828125,97.98999786376953,,
2643,2022-07-01,118.58999633789062,26.700000762939453,49.400001525878906,,2020-01-30,1583.5,9508.9931640625,97.87000274658203,,
2644,2022-07-05,118.19000244140625,27.540000915527344,52.61000061035156,,2020-01-31,1582.9000244140625,9350.529296875,97.38999938964844,,
2645,2022-07-06,117.44999694824219,26.729999542236328,54.66999816894531,,2020-02-01,1582.9000244140625,9392.875,97.38999938964844,,
2646,2022-07-07,118.76000213623047,26.079999923706055,52.869998931884766,,2020-02-02,1582.9000244140625,9344.365234375,97.38999938964844,,
2647,2022-07-08,118.12999725341797,24.639999389648438,52.099998474121094,,2020-02-03,1577.199951171875,9293.521484375,97.80000305175781,,
2648,2022-07-11,119.80000305175781,26.170000076293945,53.099998474121094,,2020-02-04,1550.4000244140625,9180.962890625,97.95999908447266,,
2649,2022-07-12,121.33000183105469,27.290000915527344,54.400001525878906,,2020-02-05,1557.800048828125,9613.423828125,98.2699966430664,,
2650,2022-07-13,120.41000366210938,26.81999969482422,51.7599983215332,,2020-02-06,1565.0999755859375,9729.8017578125,98.5,,
2651,2022-07-14,121.91999816894531,26.399999618530273,53.029998779296875,,2020-02-07,1568.5999755859375,9795.943359375,98.68000030517578,,
2652,2022-07-15,122.4800033569336,24.229999542236328,51.77000045776367,,2020-02-08,1568.5999755859375,9865.119140625,98.68000030517578,,
2653,2022-07-18,120.55000305175781,25.299999237060547,49.65999984741211,,2020-02-09,1568.5999755859375,10116.673828125,98.68000030517578,,
2654,2022-07-19,120.04000091552734,24.5,48.77000045776367,,2020-02-10,1574.699951171875,9856.611328125,98.83000183105469,,
2655,2022-07-20,117.23999786376953,23.8799991607666,47.540000915527344,,2020-02-11,1565.5999755859375,10208.236328125,98.72000122070312,,
2656,2022-07-21,118.70999908447266,23.110000610351562,51.099998474121094,,2020-02-12,1567.4000244140625,10326.0546875,99.05000305175781,,
2657,2022-07-22,119.1500015258789,23.030000686645508,47.84000015258789,,2020-02-13,1575.0999755859375,10214.3798828125,99.06999969482422,,
2658,2022-07-25,119.45999908447266,23.360000610351562,47.959999084472656,,2020-02-14,1582.699951171875,10312.1162109375,99.12000274658203,,
2659,2022-07-26,121.29000091552734,24.690000534057617,47.810001373291016,,2020-02-15,1582.699951171875,9889.4248046875,99.12000274658203,,
2660,2022-07-27,121.91999816894531,23.239999771118164,48.9900016784668,,2020-02-16,1582.699951171875,9934.43359375,99.12000274658203,,
2661,2022-07-28,122.66999816894531,22.329999923706055,47.16999816894531,,2020-02-17,1582.699951171875,9690.142578125,99.12000274658203,,
2662,2022-07-29,122.29000091552734,21.329999923706055,46.189998626708984,,2020-02-18,1600.0,10141.99609375,99.45999908447266,,
2663,2022-08-01,122.94000244140625,22.84000015258789,49.970001220703125,,2020-02-19,1607.5,9633.38671875,99.5999984741211,,
2664,2022-08-02,121.77999877929688,23.93000030517578,52.77000045776367,,2020-02-20,1616.5999755859375,9608.4755859375,99.87000274658203,,
2665,2022-08-03,121.16000366210938,21.950000762939453,50.119998931884766,,2020-02-21,1644.5999755859375,9686.44140625,99.26000213623047,,
2666,2022-08-04,122.80999755859375,21.440000534057617,55.13999938964844,,2020-02-22,1644.5999755859375,9663.181640625,99.26000213623047,,
2667,2022-08-05,122.80999755859375,21.149999618530273,48.7599983215332,,2020-02-23,1644.5999755859375,9924.515625,99.26000213623047,,
2668,2022-08-08,123.69000244140625,21.290000915527344,46.400001525878906,,2020-02-24,1672.4000244140625,9650.1748046875,99.29000091552734,,
2669,2022-08-09,123.91000366210938,21.770000457763672,46.22999954223633,,2020-02-25,1646.9000244140625,9341.705078125,98.97000122070312,,
2670,2022-08-10,125.04000091552734,19.739999771118164,46.560001373291016,,2020-02-26,1640.0,8820.5224609375,99.0,,
2671,2022-08-11,126.83999633789062,20.200000762939453,45.369998931884766,,2020-02-27,1640.0,8784.494140625,98.44000244140625,,
2672,2022-08-12,129.33999633789062,19.530000686645508,44.0,,2020-02-28,1564.0999755859375,8672.455078125,98.12999725341797,,
2673,2022-08-15,127.62000274658203,19.950000762939453,46.630001068115234,,2020-02-29,1564.0999755859375,8599.5087890625,98.12999725341797,,
2674,2022-08-16,126.08999633789062,19.690000534057617,50.25,,2020-03-01,1564.0999755859375,8562.4541015625,98.12999725341797,,
2675,2022-08-17,122.05999755859375,19.899999618530273,51.54999923706055,,2020-03-02,1592.300048828125,8869.669921875,97.36000061035156,,
2676,2022-08-18,124.22000122070312,19.559999465942383,47.40999984741211,,2020-03-03,1642.0999755859375,8787.7861328125,97.1500015258789,,
2677,2022-08-19,123.68000030517578,20.600000381469727,50.34000015258789,,2020-03-04,1641.0999755859375,8755.24609375,97.33999633789062,,
2678,2022-08-22,123.93000030517578,23.799999237060547,50.63999938964844,,2020-03-05,1666.4000244140625,9078.7626953125,96.81999969482422,,
2679,2022-08-23,123.83000183105469,24.110000610351562,47.349998474121094,,2020-03-06,1670.800048828125,9122.5458984375,95.94999694824219,,
2680,2022-08-24,122.77999877929688,22.81999969482422,48.33000183105469,,2020-03-07,1670.800048828125,8909.9541015625,95.94999694824219,,
2681,2022-08-25,123.0999984741211,21.780000686645508,48.779998779296875,,2020-03-08,1670.800048828125,8108.1162109375,95.94999694824219,,
2682,2022-08-26,124.56999969482422,25.559999465942383,47.08000183105469,,2020-03-09,1674.5,7923.64453125,94.9000015258789,,
2683,2022-08-29,121.97000122070312,26.209999084472656,47.72999954223633,,2020-03-10,1659.0999755859375,7909.7294921875,96.41000366210938,,
2684,2022-08-30,121.01000213623047,26.209999084472656,49.7400016784668,,2020-03-11,1641.4000244140625,7911.43017578125,96.51000213623047,,
2685,2022-08-31,119.70999908447266,25.8700008392334,52.11000061035156,,2020-03-12,1589.300048828125,4970.7880859375,97.47000122070312,,
2686,2022-09-01,120.73999786376953,25.559999465942383,53.900001525878906,,2020-03-13,1515.699951171875,5563.70703125,98.75,,
2687,2022-09-02,119.80999755859375,25.469999313354492,53.900001525878906,,2020-03-14,1515.699951171875,5200.3662109375,98.75,,
2688,2022-09-06,119.83999633789062,26.90999984741211,50.0,,2020-03-15,1515.699951171875,5392.31494140625,98.75,,
2689,2022-09-07,119.05000305175781,24.639999389648438,53.31999969482422,,2020-03-16,1485.9000244140625,5014.47998046875,98.08999633789062,,
2690,2022-09-08,119.08000183105469,23.610000610351562,51.290000915527344,,2020-03-17,1524.9000244140625,5225.62939453125,99.58000183105469,,
2691,2022-09-09,119.66000366210938,22.790000915527344,48.84000015258789,,2020-03-18,1477.300048828125,5238.4384765625,101.16000366210938,,
2692,2022-09-12,121.05999755859375,23.8700008392334,44.150001525878906,,2020-03-19,1478.5999755859375,6191.19287109375,102.76000213623047,,
2693,2022-09-13,125.45999908447266,27.270000457763672,44.810001373291016,,2020-03-20,1484.0,6198.7783203125,102.81999969482422,,
2694,2022-09-14,120.19000244140625,26.15999984741211,45.619998931884766,,2020-03-21,1484.0,6185.06640625,102.81999969482422,,
2695,2022-09-15,119.97000122070312,26.270000457763672,46.630001068115234,,2020-03-22,1484.0,5830.2548828125,102.81999969482422,,
2696,2022-09-16,117.70999908447266,26.299999237060547,47.439998626708984,,2020-03-23,1567.0,6416.31494140625,102.48999786376953,,
2697,2022-09-19,116.26000213623047,25.760000228881836,46.75,,2020-03-24,1660.199951171875,6734.8037109375,101.73999786376953,,
2698,2022-09-20,116.69000244140625,27.15999984741211,48.22999954223633,,2020-03-25,1632.300048828125,6681.06298828125,101.05000305175781,,
2699,2022-09-21,116.20999908447266,27.989999771118164,48.650001525878906,,2020-03-26,1650.0999755859375,6716.4404296875,99.41999816894531,,
2700,2022-09-22,115.86000061035156,27.350000381469727,47.099998474121094,,2020-03-27,1623.9000244140625,6469.79833984375,98.37000274658203,,
2701,2022-09-23,118.98999786376953,29.920000076293945,50.81999969482422,,2020-03-28,1623.9000244140625,6242.19384765625,98.37000274658203,,
2702,2022-09-26,120.01000213623047,32.2599983215332,56.68000030517578,,2020-03-29,1623.9000244140625,5922.04296875,98.37000274658203,,
2703,2022-09-27,120.38999938964844,32.599998474121094,55.88999938964844,,2020-03-30,1622.0,6429.841796875,99.18000030517578,,
2704,2022-09-28,120.37999725341797,30.18000030517578,55.02000045776367,,2020-03-31,1583.4000244140625,6438.64453125,99.05000305175781,,
2705,2022-09-29,121.54000091552734,31.84000015258789,54.40999984741211,,2020-04-01,1578.199951171875,6606.7763671875,99.66999816894531,,
2706,2022-09-30,121.54000091552734,31.6200008392334,55.689998626708984,,2020-04-02,1625.699951171875,6793.62451171875,100.18000030517578,,
2707,2022-10-03,121.37999725341797,30.100000381469727,56.2400016784668,,2020-04-03,1633.699951171875,6733.38720703125,100.58000183105469,,
2708,2022-10-04,122.45999908447266,29.06999969482422,59.5099983215332,,2020-04-04,1633.699951171875,6867.52734375,100.58000183105469,,
2709,2022-10-05,121.77999877929688,28.549999237060547,54.20000076293945,,2020-04-05,1633.699951171875,6791.12939453125,100.58000183105469,,
2710,2022-10-06,122.44000244140625,30.520000457763672,53.38999938964844,,2020-04-06,1677.0,7271.78125,100.69000244140625,,
2711,2022-10-07,121.80999755859375,31.360000610351562,53.63999938964844,,2020-04-07,1664.800048828125,7176.41455078125,99.9800033569336,,
2712,2022-10-10,120.06999969482422,32.45000076293945,51.41999816894531,,2020-04-08,1665.4000244140625,7334.0986328125,100.12000274658203,,
2713,2022-10-11,120.12000274658203,33.630001068115234,51.91999816894531,,2020-04-09,1736.199951171875,7302.08935546875,99.5199966430664,,
2714,2022-10-12,119.98999786376953,33.56999969482422,51.52000045776367,,2020-04-10,1736.199951171875,6865.4931640625,99.5199966430664,,
2715,2022-10-13,117.81999969482422,31.940000534057617,50.52000045776367,,2020-04-11,1736.199951171875,6859.0830078125,99.5199966430664,,
2716,2022-10-14,119.30000305175781,32.02000045776367,50.29999923706055,,2020-04-12,1736.199951171875,6971.091796875,99.5199966430664,,
2717,2022-10-17,116.97000122070312,31.3700008392334,50.27000045776367,,2020-04-13,1744.800048828125,6845.03759765625,99.3499984741211,,
2718,2022-10-18,116.87999725341797,30.5,49.119998931884766,,2020-04-14,1756.699951171875,6842.427734375,98.88999938964844,,
2719,2022-10-19,117.26000213623047,30.760000228881836,47.779998779296875,,2020-04-15,1727.199951171875,6642.10986328125,99.45999908447266,,
2720,2022-10-20,117.41000366210938,29.979999542236328,47.97999954223633,,2020-04-16,1720.4000244140625,7116.80419921875,100.02999877929688,,
2721,2022-10-21,116.19000244140625,29.690000534057617,47.189998626708984,,2020-04-17,1689.199951171875,7096.1845703125,99.77999877929688,,
2722,2022-10-24,114.97000122070312,29.850000381469727,47.779998779296875,,2020-04-18,1689.199951171875,7257.6650390625,99.77999877929688,,
2723,2022-10-25,114.63999938964844,28.459999084472656,47.29999923706055,,2020-04-19,1689.199951171875,7189.4248046875,99.77999877929688,,
2724,2022-10-26,113.86000061035156,27.280000686645508,48.58000183105469,,2020-04-20,1701.5999755859375,6881.95849609375,99.95999908447266,,
2725,2022-10-27,113.2300033569336,27.389999389648438,49.02000045776367,,2020-04-21,1678.199951171875,6880.3232421875,100.26000213623047,,
2726,2022-10-28,112.05999755859375,25.75,47.810001373291016,,2020-04-22,1728.699951171875,7117.20751953125,100.38999938964844,,
2727,2022-10-31,111.95999908447266,25.8799991607666,47.40999984741211,,2020-04-23,1733.300048828125,7429.724609375,100.43000030517578,,
2728,2022-11-01,111.44000244140625,25.809999465942383,47.040000915527344,,2020-04-24,1723.5,7550.90087890625,100.37999725341797,,
2729,2022-11-02,111.98999786376953,25.860000610351562,47.75,,2020-04-25,1723.5,7569.93603515625,100.37999725341797,,
2730,2022-11-03,110.33999633789062,25.299999237060547,46.470001220703125,,2020-04-26,1723.5,7679.8671875,100.37999725341797,,
2731,2022-11-04,111.62000274658203,24.549999237060547,47.5,,2020-04-27,1711.9000244140625,7795.60107421875,100.04000091552734,,
2732,2022-11-07,111.66999816894531,24.350000381469727,45.11000061035156,,2020-04-28,1710.5,7807.05859375,99.87000274658203,,
2733,2022-11-08,113.55000305175781,25.540000915527344,45.040000915527344,,2020-04-29,1703.4000244140625,8801.0380859375,99.56999969482422,,
2734,2022-11-09,114.36000061035156,26.09000015258789,45.380001068115234,,2020-04-30,1684.199951171875,8658.5537109375,99.0199966430664,,
2735,2022-11-10,111.41999816894531,23.530000686645508,43.47999954223633,,2020-05-01,1694.5,8864.7666015625,98.80000305175781,,
2736,2022-11-11,114.08999633789062,22.520000457763672,42.060001373291016,,2020-05-02,1694.5,8988.5966796875,98.80000305175781,,
2737,2022-11-14,113.66999816894531,23.729999542236328,44.41999816894531,,2020-05-03,1694.5,8897.46875,98.80000305175781,,
2738,2022-11-15,115.94000244140625,24.540000915527344,46.720001220703125,,2020-05-04,1706.9000244140625,8912.654296875,99.4800033569336,,
2739,2022-11-16,115.55999755859375,24.110000610351562,45.119998931884766,,2020-05-05,1704.4000244140625,9003.0703125,99.70999908447266,,
2740,2022-11-17,115.23999786376953,23.93000030517578,45.34000015258789,,2020-05-06,1684.199951171875,9268.76171875,100.08999633789062,,
2741,2022-11-18,114.97000122070312,23.1200008392334,45.93000030517578,,2020-05-07,1721.800048828125,9951.5185546875,99.88999938964844,,
2742,2022-11-21,114.5199966430664,22.360000610351562,47.11000061035156,,2020-05-08,1709.9000244140625,9842.666015625,99.7300033569336,,
2743,2022-11-22,116.23999786376953,21.290000915527344,46.29999923706055,,2020-05-09,1709.9000244140625,9593.896484375,99.7300033569336,,
2744,2022-11-23,118.6500015258789,20.350000381469727,51.560001373291016,,2020-05-10,1709.9000244140625,8756.4306640625,99.7300033569336,,
2745,2022-11-25,128.11000061035156,20.5,50.15999984741211,,2020-05-11,1695.300048828125,8601.7958984375,100.23999786376953,,
2746,2022-11-28,118.47000122070312,22.209999084472656,50.529998779296875,,2020-05-12,1704.4000244140625,8804.4775390625,99.93000030517578,,
2747,2022-11-29,120.37999725341797,21.889999389648438,47.90999984741211,,2020-05-13,1713.9000244140625,9269.9873046875,100.23999786376953,,
2748,2022-11-30,118.47000122070312,20.579999923706055,46.150001525878906,,2020-05-14,1738.0999755859375,9733.7216796875,100.47000122070312,,
2749,2022-12-01,117.79000091552734,19.84000015258789,45.61000061035156,,2020-05-15,1753.4000244140625,9328.197265625,100.4000015258789,,
2750,2022-12-02,118.11000061035156,19.059999465942383,45.7599983215332,,2020-05-16,1753.4000244140625,9377.013671875,100.4000015258789,,
2751,2022-12-05,117.75,20.75,45.40999984741211,,2020-05-17,1753.4000244140625,9670.7392578125,100.4000015258789,,
2752,2022-12-06,117.11000061035156,22.170000076293945,46.36000061035156,,2020-05-18,1731.800048828125,9726.5751953125,99.66999816894531,,
2753,2022-12-07,117.80999755859375,22.68000030517578,47.90999984741211,,2020-05-19,1744.199951171875,9729.0380859375,99.37000274658203,,
2754,2022-12-08,117.54000091552734,22.290000915527344,47.16999816894531,,2020-05-20,1750.5999755859375,9522.9814453125,99.12000274658203,,
2755,2022-12-09,119.23999786376953,22.829999923706055,46.93000030517578,,2020-05-21,1720.5,9081.76171875,99.37000274658203,,
2756,2022-12-12,121.86000061035156,25.0,44.9900016784668,,2020-05-22,1734.5999755859375,9182.5771484375,99.86000061035156,,
2757,2022-12-13,122.7300033569336,22.549999237060547,43.369998931884766,,2020-05-23,1734.5999755859375,9209.287109375,99.86000061035156,,
2758,2022-12-14,124.2300033569336,21.139999389648438,41.81999969482422,,2020-05-24,1734.5999755859375,8790.3681640625,99.86000061035156,,
2759,2022-12-15,124.48999786376953,22.829999923706055,43.70000076293945,,2020-05-25,1734.5999755859375,8906.9345703125,99.86000061035156,,
2760,2022-12-16,120.04000091552734,22.6200008392334,42.290000915527344,,2020-05-26,1704.800048828125,8835.052734375,98.91000366210938,,
2761,2022-12-19,117.08999633789062,22.420000076293945,42.470001220703125,,2020-05-27,1710.300048828125,9181.017578125,99.05999755859375,,
2762,2022-12-20,115.56999969482422,21.479999542236328,41.790000915527344,,2020-05-28,1713.300048828125,9525.7509765625,98.37999725341797,,
2763,2022-12-21,114.25,20.06999969482422,41.18000030517578,,2020-05-29,1736.9000244140625,9439.1240234375,98.33999633789062,,
2764,2022-12-22,114.41999816894531,21.969999313354492,41.79999923706055,,2020-05-30,1736.9000244140625,9700.4140625,98.33999633789062,,
2765,2022-12-23,114.56999969482422,20.8700008392334,41.209999084472656,,2020-05-31,1736.9000244140625,9461.05859375,98.33999633789062,,
2766,2022-12-27,113.44000244140625,21.649999618530273,43.5,,2020-06-01,1737.800048828125,10167.2685546875,97.83000183105469,,
2767,2022-12-28,112.02999877929688,22.139999389648438,43.95000076293945,,2020-06-02,1725.199951171875,9529.8037109375,97.66999816894531,,
2768,2022-12-29,113.2699966430664,21.440000534057617,42.599998474121094,,2020-06-03,1697.800048828125,9656.7177734375,97.27999877929688,,
2769,2022-12-30,113.56999969482422,21.670000076293945,41.2599983215332,,2020-06-04,1718.9000244140625,9800.63671875,96.68000030517578,,
2770,2023-01-03,112.73999786376953,22.899999618530273,44.13999938964844,,2020-06-05,1676.199951171875,9665.533203125,96.94000244140625,,
2771,2023-01-04,112.13999938964844,22.010000228881836,45.83000183105469,,2020-06-06,1676.199951171875,9653.6796875,96.94000244140625,,
2772,2023-01-05,112.66999816894531,22.459999084472656,43.93000030517578,,2020-06-07,1676.199951171875,9758.8525390625,96.94000244140625,,
2773,2023-01-06,113.86000061035156,21.1299991607666,42.939998626708984,,2020-06-08,1698.300048828125,9771.4892578125,96.62000274658203,,
2774,2023-01-09,114.41999816894531,21.969999313354492,42.75,,2020-06-09,1714.699951171875,9795.7001953125,96.31999969482422,,
2775,2023-01-10,114.6500015258789,20.579999923706055,41.599998474121094,,2020-06-10,1713.300048828125,9870.0947265625,95.95999908447266,,
2776,2023-01-11,115.0999984741211,21.09000015258789,41.189998626708984,,2020-06-11,1732.0,9321.78125,96.7300033569336,,
2777,2023-01-12,117.38999938964844,18.829999923706055,39.279998779296875,,2020-06-12,1729.300048828125,9480.84375,97.31999969482422,,
2778,2023-01-13,121.69999694824219,18.350000381469727,38.189998626708984,,2020-06-13,1729.300048828125,9475.27734375,97.31999969482422,,
2779,2023-01-17,120.01000213623047,19.360000610351562,40.099998474121094,,2020-06-14,1729.300048828125,9386.7880859375,97.31999969482422,,
2780,2023-01-18,119.91000366210938,20.34000015258789,39.25,,2020-06-15,1720.300048828125,9450.7021484375,96.68000030517578,,
2781,2023-01-19,121.2300033569336,20.520000457763672,39.02000045776367,,2020-06-16,1729.5999755859375,9538.0244140625,96.95999908447266,,
2782,2023-01-20,120.19000244140625,19.850000381469727,37.810001373291016,,2020-06-17,1729.199951171875,9480.2548828125,97.16000366210938,,
2783,2023-01-23,120.91000366210938,19.809999465942383,37.29999923706055,,2020-06-18,1724.800048828125,9411.8408203125,97.41999816894531,,
2784,2023-01-24,121.33999633789062,19.200000762939453,38.2599983215332,,2020-06-19,1745.9000244140625,9288.0185546875,97.62000274658203,,
2785,2023-01-25,121.04000091552734,19.079999923706055,38.540000915527344,,2020-06-20,1745.9000244140625,9332.3408203125,97.62000274658203,,
2786,2023-01-26,121.48999786376953,18.729999542236328,38.119998931884766,,2020-06-21,1745.9000244140625,9303.6298828125,97.62000274658203,,
2787,2023-01-27,121.97000122070312,18.510000228881836,38.599998474121094,,2020-06-22,1756.699951171875,9648.7177734375,97.04000091552734,,
2788,2023-01-30,120.69000244140625,19.940000534057617,40.18000030517578,,2020-06-23,1772.0999755859375,9629.658203125,96.69000244140625,,
2789,2023-01-31,123.29000091552734,19.399999618530273,38.54999923706055,,2020-06-24,1765.800048828125,9313.6103515625,97.1500015258789,,
2790,2023-02-01,122.19000244140625,17.8700008392334,37.9900016784668,,2020-06-25,1762.0999755859375,9264.8134765625,97.43000030517578,,
2791,2023-02-02,123.87999725341797,18.729999542236328,38.4900016784668,,2020-06-26,1772.5,9162.91796875,97.5,,
2792,2023-02-03,123.08000183105469,18.329999923706055,39.47999954223633,,2020-06-27,1772.5,9045.390625,97.5,,
2793,2023-02-06,123.01000213623047,19.43000030517578,38.91999816894531,,2020-06-28,1772.5,9143.58203125,97.5,,
2794,2023-02-07,123.36000061035156,18.65999984741211,37.310001373291016,,2020-06-29,1774.800048828125,9190.8544921875,97.54000091552734,,
2795,2023-02-08,121.5199966430664,19.6299991607666,37.02000045776367,,2020-06-30,1793.0,9137.9931640625,97.38999938964844,,
2796,2023-02-09,120.58000183105469,20.709999084472656,35.75,,2020-07-01,1773.199951171875,9228.3251953125,97.19999694824219,,
2797,2023-02-10,120.87999725341797,20.530000686645508,35.88999938964844,,2020-07-02,1784.0,9123.41015625,97.31999969482422,,
2798,2023-02-13,122.4800033569336,20.34000015258789,37.77000045776367,,2020-07-03,1784.0,9087.3037109375,97.31999969482422,,
2799,2023-02-14,122.4800033569336,18.90999984741211,36.66999816894531,,2020-07-04,1784.0,9132.48828125,97.31999969482422,,
2800,2023-02-15,121.36000061035156,18.229999542236328,35.70000076293945,,2020-07-05,1784.0,9073.9423828125,97.31999969482422,,
2801,2023-02-16,123.08999633789062,20.170000076293945,35.029998779296875,,2020-07-06,1788.5,9375.474609375,96.79000091552734,,
2802,2023-02-17,122.88999938964844,20.020000457763672,36.040000915527344,,2020-07-07,1804.199951171875,9252.27734375,96.87999725341797,,
2803,2023-02-21,124.08999633789062,22.8700008392334,37.04999923706055,,2020-07-08,1815.5,9428.3330078125,96.43000030517578,,
2804,2023-02-22,122.80999755859375,22.290000915527344,38.36000061035156,,2020-07-09,1799.199951171875,9277.9677734375,96.69999694824219,,
2805,2023-02-23,121.8499984741211,21.139999389648438,36.689998626708984,,2020-07-10,1798.199951171875,9278.8076171875,96.6500015258789,,
2806,2023-02-24,121.22000122070312,21.670000076293945,37.25,,2020-07-11,1798.199951171875,9240.3466796875,96.6500015258789,,
2807,2023-02-27,120.54000091552734,20.950000762939453,37.54999923706055,,2020-07-12,1798.199951171875,9276.5,96.6500015258789,,
2808,2023-02-28,120.01000213623047,20.700000762939453,35.41999816894531,,2020-07-13,1811.0,9243.6142578125,96.45999908447266,,
2809,2023-03-01,118.88999938964844,20.579999923706055,36.630001068115234,,2020-07-14,1810.5999755859375,9243.2138671875,96.26000213623047,,
2810,2023-03-02,118.88999938964844,19.59000015258789,35.61000061035156,,2020-07-15,1811.4000244140625,9192.8369140625,96.08000183105469,,
2811,2023-03-03,118.13999938964844,18.489999771118164,35.20000076293945,,2020-07-16,1798.699951171875,9132.2275390625,96.3499984741211,,
2812,2023-03-06,120.19000244140625,18.610000610351562,33.029998779296875,,2020-07-17,1808.300048828125,9151.392578125,95.94000244140625,,
2813,2023-03-07,120.55999755859375,19.59000015258789,33.7599983215332,,2020-07-18,1808.300048828125,9159.0400390625,95.94000244140625,,
2814,2023-03-08,120.55999755859375,19.110000610351562,33.38999938964844,,2020-07-19,1808.300048828125,9185.8173828125,95.94000244140625,,
2815,2023-03-09,122.22000122070312,22.610000610351562,34.86000061035156,,2020-07-20,1815.9000244140625,9164.2314453125,95.83000183105469,,
2816,2023-03-10,130.27000427246094,24.799999237060547,36.7599983215332,,2020-07-21,1842.4000244140625,9374.8876953125,95.12000274658203,,
2817,2023-03-13,132.13999938964844,26.520000457763672,38.130001068115234,,2020-07-22,1864.0999755859375,9525.36328125,94.97000122070312,,
2818,2023-03-14,132.72000122070312,23.729999542236328,47.40999984741211,,2020-07-23,1889.0999755859375,9581.072265625,94.69000244140625,,
2819,2023-03-15,136.6199951171875,26.139999389648438,49.779998779296875,,2020-07-24,1897.300048828125,9536.892578125,94.44000244140625,,
2820,2023-03-16,134.52999877929688,22.989999771118164,48.650001525878906,,2020-07-25,1897.300048828125,9677.11328125,94.44000244140625,,
2821,2023-03-17,131.33999633789062,25.510000228881836,51.47999954223633,,2020-07-26,1897.300048828125,9905.1669921875,94.44000244140625,,
2822,2023-03-20,129.91000366210938,24.149999618530273,51.13999938964844,,2020-07-27,1931.0,10990.873046875,93.66999816894531,,
2823,2023-03-21,127.45999908447266,21.3799991607666,48.119998931884766,,2020-07-28,1944.699951171875,10912.8232421875,93.76000213623047,,
2824,2023-03-22,123.16000366210938,22.260000228881836,46.970001220703125,,2020-07-29,1953.5,11100.4677734375,93.26000213623047,,
2825,2023-03-23,123.16000366210938,22.610000610351562,46.900001525878906,,2020-07-30,1942.300048828125,11111.2138671875,93.0199966430664,,
2826,2023-03-24,126.87999725341797,21.739999771118164,48.36000061035156,,2020-07-31,1962.800048828125,11323.466796875,93.48999786376953,,
2827,2023-03-27,126.0,20.600000381469727,45.40999984741211,,2020-08-01,1962.800048828125,11759.5927734375,93.48999786376953,,
2828,2023-03-28,122.9000015258789,19.969999313354492,44.310001373291016,,2020-08-02,1962.800048828125,11053.6142578125,93.48999786376953,,
2829,2023-03-29,123.76000213623047,19.1200008392334,43.33000183105469,,2020-08-03,1966.0,11246.3486328125,93.5,,
2830,2023-03-30,126.30999755859375,19.020000457763672,42.02000045776367,,2020-08-04,2001.199951171875,11205.892578125,93.37999725341797,,
2831,2023-03-31,125.8499984741211,18.700000762939453,40.34000015258789,,2020-08-05,2031.0999755859375,11747.0224609375,92.83000183105469,,
2832,2023-04-03,126.20999908447266,18.549999237060547,39.4900016784668,,2020-08-06,2051.5,11779.7734375,92.79000091552734,,
2833,2023-04-04,127.02999877929688,19.0,39.41999816894531,,2020-08-07,2010.0999755859375,11601.47265625,93.44000244140625,,
2834,2023-04-05,126.9800033569336,19.079999923706055,39.13999938964844,,2020-08-08,2010.0999755859375,11754.0458984375,93.44000244140625,,
2835,2023-04-06,124.41999816894531,18.399999618530273,34.7599983215332,,2020-08-09,2010.0999755859375,11675.7392578125,93.44000244140625,,
2836,2023-04-10,126.95999908447266,18.969999313354492,34.310001373291016,,2020-08-10,2024.4000244140625,11878.111328125,93.58000183105469,,
2837,2023-04-11,127.41999816894531,19.100000381469727,34.22999954223633,,2020-08-11,1932.5999755859375,11410.525390625,93.62999725341797,,
2838,2023-04-12,130.0,19.09000015258789,33.7400016784668,,2020-08-12,1934.9000244140625,11584.9345703125,93.44000244140625,,
2839,2023-04-13,132.36000061035156,17.799999237060547,32.779998779296875,,2020-08-13,1956.699951171875,11784.1376953125,93.33999633789062,,
2840,2023-04-14,134.64999389648438,17.06999969482422,32.5099983215332,,2020-08-14,1937.0,11768.87109375,93.0999984741211,,
2841,2023-04-17,135.0399932861328,16.950000762939453,32.93000030517578,,2020-08-15,1937.0,11865.6982421875,93.0999984741211,,
2842,2023-04-18,137.1199951171875,16.829999923706055,33.689998626708984,,2020-08-16,1937.0,11892.8037109375,93.0999984741211,,
2843,2023-04-19,137.1199951171875,16.459999084472656,34.439998626708984,,2020-08-17,1985.0,12254.40234375,92.8499984741211,,
2844,2023-04-20,133.49000549316406,17.170000076293945,36.40999984741211,,2020-08-18,1999.4000244140625,11991.2333984375,92.2699966430664,,
2845,2023-04-21,132.94000244140625,16.770000457763672,35.16999816894531,,2020-08-19,1958.699951171875,11758.283203125,92.88999938964844,,
2846,2023-04-24,132.39999389648438,16.889999389648438,34.279998779296875,,2020-08-20,1933.800048828125,11878.3720703125,92.79000091552734,,
2847,2023-04-25,130.2899932861328,18.760000228881836,36.63999938964844,,2020-08-21,1934.5999755859375,11592.4892578125,93.25,,
2848,2023-04-26,130.5,18.84000015258789,39.25,,2020-08-22,1934.5999755859375,11681.8251953125,93.25,,
2849,2023-04-27,136.60000610351562,17.030000686645508,37.7599983215332,,2020-08-23,1934.5999755859375,11664.84765625,93.25,,
2850,2023-04-28,136.60000610351562,15.779999732971191,35.630001068115234,,2020-08-24,1927.699951171875,11774.595703125,93.30000305175781,,
2851,2023-05-01,135.66000366210938,16.079999923706055,35.939998626708984,,2020-08-25,1911.800048828125,11366.134765625,93.0199966430664,,
2852,2023-05-02,131.08999633789062,17.780000686645508,39.47999954223633,,2020-08-26,1940.699951171875,11488.36328125,93.01000213623047,,
2853,2023-05-03,130.41000366210938,18.34000015258789,43.22999954223633,,2020-08-27,1921.5999755859375,11323.3974609375,93.01000213623047,,
2854,2023-05-04,130.5399932861328,20.09000015258789,43.75,,2020-08-28,1964.5999755859375,11542.5,92.37000274658203,,
2855,2023-05-05,130.5399932861328,17.190000534057617,37.349998474121094,,2020-08-29,1964.5999755859375,11506.865234375,92.37000274658203,,
2856,2023-05-08,132.32000732421875,16.979999542236328,35.540000915527344,,2020-08-30,1964.5999755859375,11711.505859375,92.37000274658203,,
2857,2023-05-09,133.8800048828125,17.709999084472656,35.130001068115234,,2020-08-31,1967.5999755859375,11680.8203125,92.13999938964844,,
2858,2023-05-10,138.6300048828125,16.940000534057617,34.130001068115234,,2020-09-01,1968.199951171875,11970.478515625,92.33999633789062,,
2859,2023-05-11,138.6300048828125,16.93000030517578,35.7400016784668,,2020-09-02,1934.4000244140625,11414.0341796875,92.8499984741211,,
2860,2023-05-12,138.6300048828125,17.030000686645508,37.31999969482422,,2020-09-03,1927.5999755859375,10245.296875,92.73999786376953,,
2861,2023-05-15,138.57000732421875,17.1200008392334,35.15999984741211,,2020-09-04,1923.9000244140625,10511.8134765625,92.72000122070312,,
2862,2023-05-16,137.32000732421875,17.989999771118164,35.97999954223633,,2020-09-05,1923.9000244140625,10169.5673828125,92.72000122070312,,
2863,2023-05-17,137.52999877929688,16.8700008392334,36.439998626708984,,2020-09-06,1923.9000244140625,10280.3515625,92.72000122070312,,
2864,2023-05-18,138.05999755859375,16.049999237060547,36.02000045776367,,2020-09-07,1923.9000244140625,10369.5634765625,92.72000122070312,,
2865,2023-05-19,138.05999755859375,16.809999465942383,35.849998474121094,,2020-09-08,1933.0,10131.5166015625,93.4800033569336,,
2866,2023-05-22,136.24000549316406,17.209999084472656,35.52000045776367,,2020-09-09,1944.699951171875,10242.34765625,93.26000213623047,,
2867,2023-05-23,136.4199981689453,18.530000686645508,35.11000061035156,,2020-09-10,1954.199951171875,10363.138671875,93.33999633789062,,
2868,2023-05-24,138.3699951171875,20.030000686645508,35.86000061035156,,2020-09-11,1937.800048828125,10400.9150390625,93.33000183105469,,
2869,2023-05-25,140.72999572753906,19.139999389648438,36.7400016784668,,2020-09-12,1937.800048828125,10442.1708984375,93.33000183105469,,
2870,2023-05-26,140.72999572753906,17.950000762939453,35.95000076293945,,2020-09-13,1937.800048828125,10323.755859375,93.33000183105469,,
2871,2023-05-30,145.13999938964844,17.459999084472656,39.68000030517578,,2020-09-14,1953.0999755859375,10680.837890625,93.06999969482422,,
2872,2023-05-31,158.3000030517578,17.940000534057617,40.68000030517578,,2020-09-15,1956.300048828125,10796.951171875,93.05000305175781,,
2873,2023-06-01,151.97999572753906,15.649999618530273,40.5,,2020-09-16,1960.199951171875,10974.9052734375,93.20999908447266,,
2874,2023-06-02,151.97999572753906,14.600000381469727,39.599998474121094,,2020-09-17,1940.0,10948.990234375,92.97000122070312,,
2875,2023-06-05,143.17999267578125,14.729999542236328,37.45000076293945,,2020-09-18,1952.0999755859375,10944.5859375,92.93000030517578,,
2876,2023-06-06,146.27000427246094,13.960000038146973,36.06999969482422,,2020-09-19,1952.0999755859375,11094.3466796875,92.93000030517578,,
2877,2023-06-07,151.00999450683594,13.9399995803833,34.130001068115234,,2020-09-20,1952.0999755859375,10938.271484375,92.93000030517578,,
2878,2023-06-08,155.52999877929688,13.649999618530273,35.18000030517578,,2020-09-21,1901.199951171875,10462.259765625,93.54000091552734,,
2879,2023-06-09,155.52999877929688,13.829999923706055,33.70000076293945,,2020-09-22,1898.5999755859375,10538.4599609375,93.98999786376953,,
2880,2023-06-12,157.7100067138672,15.010000228881836,36.349998474121094,,2020-09-23,1859.9000244140625,10246.1865234375,94.38999938964844,,
2881,2023-06-13,156.44000244140625,14.609999656677246,32.380001068115234,,2020-09-24,1868.300048828125,10760.06640625,94.3499984741211,,
2882,2023-06-14,150.3699951171875,13.880000114440918,33.65999984741211,,2020-09-25,1857.699951171875,10692.716796875,94.58000183105469,,
2883,2023-06-15,147.86000061035156,14.5,33.06999969482422,,2020-09-26,1857.699951171875,10750.7236328125,94.58000183105469,,
2884,2023-06-16,147.86000061035156,13.539999961853027,32.9900016784668,,2020-09-27,1857.699951171875,10775.26953125,94.58000183105469,,
2885,2023-06-20,138.75,13.880000114440918,34.75,,2020-09-28,1872.800048828125,10709.65234375,94.26000213623047,,
2886,2023-06-21,133.72000122070312,13.199999809265137,33.2599983215332,,2020-09-29,1894.300048828125,10844.640625,93.88999938964844,,
2887,2023-06-22,136.14999389648438,12.90999984741211,34.93000030517578,,2020-09-30,1887.5,10784.4912109375,93.88999938964844,,
2888,2023-06-23,136.14999389648438,13.4399995803833,35.36000061035156,,2020-10-01,1908.4000244140625,10619.4521484375,93.70999908447266,,
2889,2023-06-26,140.08999633789062,14.25,36.66999816894531,,2020-10-02,1900.199951171875,10575.974609375,93.83999633789062,,
2890,2023-06-27,140.08999633789062,13.739999771118164,39.29999923706055,,2020-10-03,1900.199951171875,10549.3291015625,93.83999633789062,,
2891,2023-06-28,138.3699951171875,13.430000305175781,36.86000061035156,,2020-10-04,1900.199951171875,10669.5830078125,93.83999633789062,,
2892,2023-06-29,143.0500030517578,13.539999961853027,35.41999816894531,,2020-10-05,1912.5,10793.33984375,93.51000213623047,,
2893,2023-06-30,143.0500030517578,13.59000015258789,33.279998779296875,,2020-10-06,1901.0999755859375,10604.40625,93.83000183105469,,
2894,2023-07-03,143.0500030517578,13.569999694824219,33.880001068115234,,2020-10-07,1883.5999755859375,10668.96875,93.62999725341797,,
2895,2023-07-05,144.0800018310547,14.180000305175781,33.90999984741211,,2020-10-08,1888.5999755859375,10915.685546875,93.61000061035156,,
2896,2023-07-06,148.4499969482422,15.4399995803833,35.130001068115234,,2020-10-09,1919.5,11064.4580078125,93.05999755859375,,
2897,2023-07-07,148.4499969482422,14.829999923706055,34.54999923706055,,2020-10-10,1919.5,11296.361328125,93.05999755859375,,
2898,2023-07-10,142.49000549316406,15.069999694824219,38.349998474121094,,2020-10-11,1919.5,11384.181640625,93.05999755859375,,
2899,2023-07-11,142.49000549316406,14.84000015258789,32.43000030517578,,2020-10-12,1922.5,11555.36328125,93.06999969482422,,
2900,2023-07-12,148.32000732421875,13.539999961853027,32.689998626708984,,2020-10-13,1888.5,11425.8994140625,93.52999877929688,,
2901,2023-07-13,147.0800018310547,13.609999656677246,30.040000915527344,,2020-10-14,1901.300048828125,11429.5068359375,93.37999725341797,,
2902,2023-07-14,147.0800018310547,13.34000015258789,30.0,,2020-10-15,1903.199951171875,11495.349609375,93.86000061035156,,
2903,2023-07-17,142.24000549316406,13.479999542236328,31.34000015258789,,2020-10-16,1900.800048828125,11322.123046875,93.68000030517578,,
2904,2023-07-18,141.86000061035156,13.300000190734863,30.65999984741211,,2020-10-17,1900.800048828125,11358.1015625,93.68000030517578,,
2905,2023-07-19,141.25,13.760000228881836,31.059999465942383,,2020-10-18,1900.800048828125,11483.359375,93.68000030517578,,
2906,2023-07-20,142.82000732421875,13.989999771118164,30.149999618530273,,2020-10-19,1906.4000244140625,11742.037109375,93.43000030517578,,
2907,2023-07-21,142.82000732421875,13.600000381469727,29.649999618530273,,2020-10-20,1910.4000244140625,11916.3349609375,93.06999969482422,,
2908,2023-07-24,143.75,13.90999984741211,30.110000610351562,,2020-10-21,1924.5999755859375,12823.689453125,92.61000061035156,,
2909,2023-07-25,142.17999267578125,13.859999656677246,30.6299991607666,,2020-10-22,1901.0999755859375,12965.8916015625,92.94999694824219,,
2910,2023-07-26,143.5800018310547,13.1899995803833,29.969999313354492,,2020-10-23,1902.0,12931.5390625,92.7699966430664,,
2911,2023-07-27,147.92999267578125,14.40999984741211,29.1200008392334,,2020-10-24,1902.0,13108.0625,92.7699966430664,,
2912,2023-07-28,143.47999572753906,13.329999923706055,29.40999984741211,,2020-10-25,1902.0,13031.173828125,92.7699966430664,,
2913,2023-07-31,145.47000122070312,13.630000114440918,28.479999542236328,,2020-10-26,1902.699951171875,13075.248046875,93.05000305175781,,
2914,2023-08-01,142.57000732421875,13.930000305175781,28.350000381469727,,2020-10-27,1908.800048828125,13654.21875,92.94000244140625,,
2915,2023-08-02,145.75,16.09000015258789,28.739999771118164,,2020-10-28,1876.199951171875,13271.28515625,93.41000366210938,,
2916,2023-08-03,147.3800048828125,15.920000076293945,28.540000915527344,,2020-10-29,1865.5999755859375,13437.8828125,93.95999908447266,,
2917,2023-08-04,147.3800048828125,17.100000381469727,28.059999465942383,,2020-10-30,1877.4000244140625,13546.5224609375,94.04000091552734,,
2918,2023-08-07,148.5399932861328,15.770000457763672,27.729999542236328,,2020-10-31,1877.4000244140625,13780.9951171875,94.04000091552734,,
2919,2023-08-08,142.3000030517578,15.989999771118164,27.139999389648438,,2020-11-01,1877.4000244140625,13737.109375,94.04000091552734,,
2920,2023-08-09,137.1199951171875,15.960000038146973,28.559999465942383,,2020-11-02,1890.4000244140625,13550.4892578125,94.05000305175781,,
2921,2023-08-10,136.5800018310547,15.850000381469727,27.270000457763672,,2020-11-03,1908.5,13950.30078125,93.55000305175781,,
2922,2023-08-11,136.5800018310547,14.84000015258789,28.040000915527344,,2020-11-04,1894.5999755859375,14133.70703125,93.41000366210938,,
2923,2023-08-14,136.89999389648438,14.819999694824219,27.549999237060547,,2020-11-05,1945.300048828125,15579.8486328125,92.52999877929688,,
2924,2023-08-15,136.69000244140625,16.459999084472656,28.299999237060547,,2020-11-06,1950.300048828125,15565.880859375,92.2300033569336,,
2925,2023-08-16,132.08999633789062,16.780000686645508,28.540000915527344,,2020-11-07,1950.300048828125,14833.75390625,92.2300033569336,,
2926,2023-08-17,132.50999450683594,17.889999389648438,29.299999237060547,,2020-11-08,1950.300048828125,15479.5673828125,92.2300033569336,,
2927,2023-08-18,132.50999450683594,17.299999237060547,28.43000030517578,,2020-11-09,1853.199951171875,15332.3154296875,92.7300033569336,,
2928,2023-08-21,133.58999633789062,17.1299991607666,28.899999618530273,,2020-11-10,1875.4000244140625,15290.90234375,92.75,,
2929,2023-08-22,134.05999755859375,16.969999313354492,28.559999465942383,,2020-11-11,1860.699951171875,15701.33984375,93.04000091552734,,
2930,2023-08-23,131.82000732421875,15.979999542236328,28.469999313354492,,2020-11-12,1872.5999755859375,16276.34375,92.95999908447266,,
2931,2023-08-24,132.47999572753906,17.200000762939453,28.8799991607666,,2020-11-13,1885.699951171875,16317.80859375,92.76000213623047,,
2932,2023-08-25,132.27000427246094,15.680000305175781,28.809999465942383,,2020-11-14,1885.699951171875,16068.138671875,92.76000213623047,,
2933,2023-08-28,130.19000244140625,15.079999923706055,28.65999984741211,,2020-11-15,1885.699951171875,15955.587890625,92.76000213623047,,
2934,2023-08-29,135.22999572753906,14.449999809265137,27.6299991607666,,2020-11-16,1887.300048828125,16716.111328125,92.56999969482422,,
2935,2023-08-30,142.13999938964844,13.880000114440918,26.6299991607666,,2020-11-17,1884.5,17645.40625,92.41999816894531,,
2936,2023-08-31,144.6999969482422,13.569999694824219,26.559999465942383,,2020-11-18,1873.5,17804.005859375,92.31999969482422,,
2937,2023-09-01,144.6999969482422,13.09000015258789,27.479999542236328,,2020-11-19,1861.0999755859375,17817.08984375,92.29000091552734,,
2938,2023-09-05,139.6199951171875,14.010000228881836,28.649999618530273,,2020-11-20,1872.5999755859375,18621.314453125,92.38999938964844,,
2939,2023-09-06,137.8800048828125,14.449999809265137,28.329999923706055,,2020-11-21,1872.5999755859375,18642.232421875,92.38999938964844,,
2940,2023-09-07,135.58999633789062,14.399999618530273,27.59000015258789,,2020-11-22,1872.5999755859375,18370.001953125,92.38999938964844,,
2941,2023-09-08,135.58999633789062,13.84000015258789,27.15999984741211,,2020-11-23,1837.800048828125,18364.12109375,92.51000213623047,,
2942,2023-09-11,138.2100067138672,13.800000190734863,24.3700008392334,,2020-11-24,1804.800048828125,19107.46484375,92.2300033569336,,
2943,2023-09-12,136.25,14.229999542236328,24.229999542236328,,2020-11-25,1805.699951171875,18732.12109375,91.98999786376953,,
2944,2023-09-13,137.4199981689453,13.479999542236328,25.059999465942383,,2020-11-26,1805.699951171875,17150.623046875,91.98999786376953,,
2945,2023-09-14,144.32000732421875,12.819999694824219,26.559999465942383,,2020-11-27,1781.9000244140625,17108.40234375,91.79000091552734,,
2946,2023-09-15,144.32000732421875,13.789999961853027,27.15999984741211,,2020-11-28,1781.9000244140625,17717.4140625,91.79000091552734,,
2947,2023-09-18,137.64999389648438,14.0,27.90999984741211,,2020-11-29,1781.9000244140625,18177.484375,91.79000091552734,,
2948,2023-09-19,137.30999755859375,14.109999656677246,30.31999969482422,,2020-11-30,1775.699951171875,19625.8359375,91.87000274658203,,
2949,2023-09-20,135.74000549316406,15.140000343322754,30.3799991607666,,2020-12-01,1814.0999755859375,18802.998046875,91.30999755859375,,
2950,2023-09-21,135.74000549316406,17.540000915527344,31.350000381469727,,2020-12-02,1825.699951171875,19201.091796875,91.12000274658203,,
2951,2023-09-22,137.74000549316406,17.200000762939453,30.610000610351562,,2020-12-03,1836.800048828125,19445.3984375,90.70999908447266,,
2952,2023-09-25,133.05999755859375,16.899999618530273,30.959999084472656,,2020-12-04,1835.9000244140625,18699.765625,90.69999694824219,,
2953,2023-09-26,136.3000030517578,18.940000534057617,31.299999237060547,,2020-12-05,1835.9000244140625,19154.23046875,90.69999694824219,,
2954,2023-09-27,135.3800048828125,18.219999313354492,32.47999954223633,,2020-12-06,1835.9000244140625,19345.12109375,90.69999694824219,,
2955,2023-09-28,133.47999572753906,17.34000015258789,31.6200008392334,,2020-12-07,1861.800048828125,19191.630859375,90.79000091552734,,
2956,2023-09-29,133.47999572753906,17.520000457763672,32.2400016784668,,2020-12-08,1870.800048828125,18321.14453125,90.97000122070312,,
2957,2023-10-02,133.47999572753906,17.610000610351562,32.0,,2020-12-09,1834.5999755859375,18553.916015625,91.08999633789062,,
2958,2023-10-03,129.77999877929688,19.780000686645508,33.25,,2020-12-10,1833.5999755859375,18264.9921875,90.79000091552734,,
2959,2023-10-04,130.67999267578125,18.579999923706055,35.349998474121094,,2020-12-11,1839.800048828125,18058.904296875,90.9800033569336,,
2960,2023-10-05,129.75,18.489999771118164,36.59000015258789,,2020-12-12,1839.800048828125,18803.65625,90.9800033569336,,
2961,2023-10-06,129.75,17.450000762939453,35.68000030517578,,2020-12-13,1839.800048828125,19142.3828125,90.9800033569336,,
2962,2023-10-09,133.63999938964844,17.700000762939453,39.849998474121094,,2020-12-14,1828.699951171875,19246.64453125,90.70999908447266,,
2963,2023-10-10,135.1699981689453,17.030000686645508,39.540000915527344,,2020-12-15,1852.300048828125,19417.076171875,90.47000122070312,,
2964,2023-10-11,137.61000061035156,16.09000015258789,38.939998626708984,,2020-12-16,1856.0999755859375,21310.59765625,90.44999694824219,,
2965,2023-10-12,136.1300048828125,16.690000534057617,38.52000045776367,,2020-12-17,1887.199951171875,22805.162109375,89.81999969482422,,
2966,2023-10-13,136.1300048828125,19.31999969482422,44.2400016784668,,2020-12-18,1885.699951171875,23137.9609375,90.0199966430664,,
2967,2023-10-16,137.9499969482422,17.209999084472656,40.70000076293945,,2020-12-19,1885.699951171875,23869.83203125,90.0199966430664,,
2968,2023-10-17,138.72000122070312,17.8799991607666,41.369998931884766,,2020-12-20,1885.699951171875,23477.294921875,90.0199966430664,,
2969,2023-10-18,137.10000610351562,19.219999313354492,44.400001525878906,,2020-12-21,1879.199951171875,22803.08203125,90.04000091552734,,
2970,2023-10-19,137.72999572753906,21.399999618530273,45.70000076293945,,2020-12-22,1866.5999755859375,23783.029296875,90.6500015258789,,
2971,2023-10-20,137.72999572753906,21.709999084472656,43.790000915527344,,2020-12-23,1874.699951171875,23241.345703125,90.41000366210938,,
2972,2023-10-23,133.9199981689453,20.3700008392334,41.7400016784668,,2020-12-24,1879.9000244140625,23735.94921875,90.33000183105469,,
2973,2023-10-24,132.44000244140625,18.969999313354492,41.08000183105469,,2020-12-25,1879.9000244140625,24664.791015625,90.33000183105469,,
2974,2023-10-25,132.2899932861328,20.190000534057617,44.90999984741211,,2020-12-26,1879.9000244140625,26437.037109375,90.33000183105469,,
2975,2023-10-26,133.3800048828125,20.68000030517578,43.93000030517578,,2020-12-27,1879.9000244140625,26272.294921875,90.33000183105469,,
2976,2023-10-27,132.74000549316406,21.270000457763672,46.63999938964844,,2020-12-28,1877.199951171875,27084.80859375,90.33999633789062,,
2977,2023-10-30,130.1300048828125,19.75,44.0099983215332,,2020-12-29,1879.699951171875,27362.4375,90.01000213623047,,
2978,2023-10-31,128.2100067138672,18.139999389648438,41.9900016784668,,2020-12-30,1891.0,28840.953125,89.62999725341797,,
2979,2023-11-01,129.82000732421875,16.8700008392334,40.52000045776367,,2020-12-31,1893.0999755859375,29001.720703125,89.94000244140625,,
2980,2023-11-02,133.8000030517578,15.65999984741211,39.790000915527344,,2021-01-01,1893.0999755859375,29374.15234375,89.94000244140625,,
2981,2023-11-03,133.8000030517578,14.90999984741211,38.529998779296875,,2021-01-02,1893.0999755859375,32127.267578125,89.94000244140625,,
2982,2023-11-06,137.88999938964844,14.890000343322754,36.310001373291016,,2021-01-03,1893.0999755859375,32782.0234375,89.94000244140625,,
2983,2023-11-07,139.52000427246094,14.8100004196167,38.720001220703125,,2021-01-04,1944.699951171875,31971.9140625,89.87999725341797,,
2984,2023-11-08,139.41000366210938,14.449999809265137,40.439998626708984,,2021-01-05,1952.699951171875,33992.4296875,89.44000244140625,,
2985,2023-11-09,139.27999877929688,15.289999961853027,41.22999954223633,,2021-01-06,1906.9000244140625,36824.36328125,89.52999877929688,,
2986,2023-11-10,139.27999877929688,14.170000076293945,39.290000915527344,,2021-01-07,1912.300048828125,39371.04296875,89.83000183105469,,
2987,2023-11-13,135.27000427246094,14.760000228881836,39.400001525878906,,2021-01-08,1834.0999755859375,40797.609375,90.0999984741211,,
2988,2023-11-14,138.3800048828125,14.15999984741211,38.290000915527344,,2021-01-09,1834.0999755859375,40254.546875,90.0999984741211,,
2989,2023-11-15,142.97999572753906,14.180000305175781,39.5099983215332,,2021-01-10,1834.0999755859375,38356.44140625,90.0999984741211,,
2990,2023-11-16,154.4499969482422,14.319999694824219,42.529998779296875,,2021-01-11,1849.5999755859375,35566.65625,90.54000091552734,,
2991,2023-11-17,154.4499969482422,13.800000190734863,40.43000030517578,,2021-01-12,1842.9000244140625,33922.9609375,90.05000305175781,,
2992,2023-11-20,154.4499969482422,13.40999984741211,39.0,,2021-01-13,1853.5999755859375,37316.359375,90.31999969482422,,
2993,2023-11-21,140.8000030517578,13.350000381469727,38.52000045776367,,2021-01-14,1850.300048828125,39187.328125,90.23999786376953,,
2994,2023-11-22,141.5500030517578,12.850000381469727,42.7599983215332,,2021-01-15,1829.300048828125,36825.3671875,90.77999877929688,,
2995,2023-11-24,141.5500030517578,12.460000038146973,43.380001068115234,,2021-01-16,1829.300048828125,36178.140625,90.77999877929688,,
2996,2023-11-27,142.1999969482422,12.6899995803833,43.900001525878906,,2021-01-17,1829.300048828125,35791.27734375,90.77999877929688,,
2997,2023-11-28,142.67999267578125,12.6899995803833,43.13999938964844,,2021-01-18,1829.300048828125,36630.07421875,90.77999877929688,,
2998,2023-11-29,139.82000732421875,12.979999542236328,42.900001525878906,,2021-01-19,1839.5,36069.8046875,90.5,,
2999,2023-11-30,144.5399932861328,12.920000076293945,39.400001525878906,,2021-01-20,1865.9000244140625,35547.75,90.47000122070312,,
3000,2023-12-01,144.5399932861328,12.630000114440918,35.70000076293945,,2021-01-21,1865.300048828125,30825.69921875,90.12999725341797,,
3001,2023-12-04,144.5399932861328,13.079999923706055,38.08000183105469,,2021-01-22,1855.699951171875,33005.76171875,90.23999786376953,,
3002,2023-12-05,144.5399932861328,12.850000381469727,36.36000061035156,,2021-01-23,1855.699951171875,32067.642578125,90.23999786376953,,
3003,2023-12-06,144.5399932861328,12.970000267028809,39.720001220703125,,2021-01-24,1855.699951171875,32289.37890625,90.23999786376953,,
3004,2023-12-07,130.83999633789062,13.0600004196167,37.81999969482422,,2021-01-25,1854.9000244140625,32366.392578125,90.38999938964844,,
3005,2023-12-08,130.83999633789062,12.350000381469727,36.2400016784668,,2021-01-26,1850.699951171875,32569.849609375,90.16999816894531,,
3006,2023-12-11,140.89999389648438,12.630000114440918,35.29999923706055,,2021-01-27,1844.9000244140625,30432.546875,90.6500015258789,,
3007,2023-12-12,148.8300018310547,12.069999694824219,36.380001068115234,,2021-01-28,1837.9000244140625,33466.09765625,90.45999908447266,,
3008,2023-12-13,152.02000427246094,12.1899995803833,36.599998474121094,,2021-01-29,1847.300048828125,34316.38671875,90.58000183105469,,
3009,2023-12-14,162.50999450683594,12.479999542236328,33.97999954223633,,2021-01-30,1847.300048828125,34269.5234375,90.58000183105469,,
3010,2023-12-15,162.50999450683594,12.279999732971191,35.130001068115234,,2021-01-31,1847.300048828125,33114.359375,90.58000183105469,,
3011,2023-12-18,139.36000061035156,12.5600004196167,37.09000015258789,,2021-02-01,1860.800048828125,33537.17578125,91.0199966430664,,
3012,2023-12-19,133.17999267578125,12.529999732971191,35.040000915527344,,2021-02-02,1830.5,35510.2890625,91.19999694824219,,
3013,2023-12-20,136.86000061035156,13.670000076293945,34.97999954223633,,2021-02-03,1832.199951171875,37472.08984375,91.12000274658203,,
3014,2023-12-21,138.17999267578125,13.649999618530273,35.439998626708984,,2021-02-04,1788.9000244140625,36926.06640625,91.52999877929688,,
3015,2023-12-22,138.17999267578125,13.029999732971191,33.31999969482422,,2021-02-05,1810.9000244140625,38144.30859375,91.04000091552734,,
3016,2023-12-26,138.17999267578125,12.989999771118164,34.529998779296875,,2021-02-06,1810.9000244140625,39266.01171875,91.04000091552734,,
3017,2023-12-27,135.63999938964844,12.430000305175781,35.40999984741211,,2021-02-07,1810.9000244140625,38903.44140625,91.04000091552734,,
3018,2023-12-28,136.89999389648438,12.470000267028809,36.45000076293945,,2021-02-08,1831.9000244140625,46196.46484375,90.93000030517578,,
3019,2023-12-29,136.89999389648438,12.449999809265137,36.220001220703125,,2021-02-09,1835.300048828125,46481.10546875,90.44000244140625,,
3020,2024-01-02,134.8000030517578,13.199999809265137,39.04999923706055,,2021-02-10,1840.5999755859375,44918.18359375,90.37000274658203,,
3021,2024-01-03,134.22999572753906,14.039999961853027,38.220001220703125,,2021-02-11,1824.9000244140625,47909.33203125,90.41999816894531,,
3022,2024-01-04,136.60000610351562,14.130000114440918,37.58000183105469,,2021-02-12,1821.5999755859375,47504.8515625,90.4800033569336,,
3023,2024-01-05,136.60000610351562,13.350000381469727,36.06999969482422,,2021-02-13,1821.5999755859375,47105.515625,90.4800033569336,,
3024,2024-01-08,137.0500030517578,13.079999923706055,36.790000915527344,,2021-02-14,1821.5999755859375,48717.2890625,90.4800033569336,,
3025,2024-01-09,140.9499969482422,12.760000228881836,36.09000015258789,,2021-02-15,1821.5999755859375,47945.05859375,90.4800033569336,,
3026,2024-01-10,137.39999389648438,12.6899995803833,36.349998474121094,,2021-02-16,1797.199951171875,49199.87109375,90.51000213623047,,
3027,2024-01-11,140.36000061035156,12.4399995803833,36.779998779296875,,2021-02-17,1771.0999755859375,52149.0078125,90.94999694824219,,
3028,2024-01-12,140.36000061035156,12.699999809265137,40.63999938964844,,2021-02-18,1773.4000244140625,51679.796875,90.58999633789062,,
3029,2024-01-16,139.94000244140625,13.84000015258789,38.34000015258789,,2021-02-19,1775.800048828125,55888.1328125,90.36000061035156,,
3030,2024-01-17,147.75999450683594,14.789999961853027,37.060001373291016,,2021-02-20,1775.800048828125,56099.51953125,90.36000061035156,,
3031,2024-01-18,148.14999389648438,14.130000114440918,35.97999954223633,,2021-02-21,1775.800048828125,57539.9453125,90.36000061035156,,
3032,2024-01-19,148.14999389648438,13.300000190734863,35.790000915527344,,2021-02-22,1806.699951171875,54207.3203125,90.01000213623047,,
3033,2024-01-22,146.00999450683594,13.1899995803833,35.709999084472656,,2021-02-23,1804.4000244140625,48824.42578125,90.16999816894531,,
3034,2024-01-23,148.1199951171875,12.550000190734863,34.9900016784668,,2021-02-24,1796.4000244140625,49705.33203125,90.18000030517578,,
3035,2024-01-24,150.25,13.140000343322754,33.9900016784668,,2021-02-25,1774.4000244140625,47093.8515625,90.12999725341797,,
3036,2024-01-25,153.0500030517578,13.449999809265137,35.099998474121094,,2021-02-26,1728.0999755859375,46339.76171875,90.93000030517578,,
3037,2024-01-26,151.36000061035156,13.260000228881836,34.779998779296875,,2021-02-27,1728.0999755859375,46188.453125,90.93000030517578,,
3038,2024-01-29,149.02999877929688,13.600000381469727,36.31999969482422,,2021-02-28,1728.0999755859375,45137.76953125,90.93000030517578,,
3039,2024-01-30,148.72999572753906,13.3100004196167,36.189998626708984,,2021-03-01,1722.5,49631.2421875,91.04000091552734,,
3040,2024-01-31,150.2100067138672,14.350000381469727,37.25,,2021-03-02,1733.0999755859375,48378.98828125,90.79000091552734,,
3041,2024-02-01,160.0800018310547,13.880000114440918,35.380001068115234,,2021-03-03,1715.300048828125,50538.2421875,90.94999694824219,,
3042,2024-02-02,160.0800018310547,13.850000381469727,34.849998474121094,,2021-03-04,1700.199951171875,48561.16796875,91.62999725341797,,
3043,2024-02-05,155.49000549316406,13.670000076293945,34.43000030517578,,2021-03-05,1698.0,48927.3046875,91.9800033569336,,
3044,2024-02-06,152.82000732421875,13.0600004196167,33.0099983215332,,2021-03-06,1698.0,48912.3828125,91.9800033569336,,
3045,2024-02-07,151.41000366210938,12.829999923706055,31.209999084472656,,2021-03-07,1698.0,51206.69140625,91.9800033569336,,
3046,2024-02-08,150.36000061035156,12.789999961853027,31.639999389648438,,2021-03-08,1677.699951171875,52246.5234375,92.30999755859375,,
3047,2024-02-09,156.6199951171875,12.930000305175781,32.439998626708984,,2021-03-09,1716.5999755859375,54824.1171875,91.95999908447266,,
3048,2024-02-12,152.8000030517578,13.930000305175781,32.689998626708984,,2021-03-10,1721.5,56008.55078125,91.79000091552734,,
3049,2024-02-13,170.52000427246094,15.850000381469727,32.369998931884766,,2021-03-11,1722.300048828125,57805.12109375,91.41999816894531,,
3050,2024-02-14,160.39999389648438,14.380000114440918,32.7599983215332,,2021-03-12,1719.5,57332.08984375,91.68000030517578,,
3051,2024-02-15,148.89999389648438,14.010000228881836,32.02000045776367,,2021-03-13,1719.5,61243.0859375,91.68000030517578,,
3052,2024-02-16,148.89999389648438,14.239999771118164,30.84000015258789,,2021-03-14,1719.5,59302.31640625,91.68000030517578,,
3053,2024-02-20,141.4499969482422,15.420000076293945,31.809999465942383,,2021-03-15,1728.9000244140625,55907.19921875,91.83000183105469,,
3054,2024-02-21,142.72000122070312,15.34000015258789,31.049999237060547,,2021-03-16,1730.5999755859375,56804.90234375,91.87000274658203,,
3055,2024-02-22,145.91000366210938,14.539999961853027,30.549999237060547,,2021-03-17,1726.800048828125,58870.89453125,91.4000015258789,,
3056,2024-02-23,144.0,13.75,31.309999465942383,,2021-03-18,1732.199951171875,57858.921875,91.8499984741211,,
3057,2024-02-26,143.60000610351562,13.739999771118164,31.709999084472656,,2021-03-19,1741.4000244140625,58346.65234375,91.91999816894531,,
3058,2024-02-27,147.2899932861328,13.430000305175781,31.350000381469727,,2021-03-20,1741.4000244140625,58313.64453125,91.91999816894531,,
3059,2024-02-28,149.08999633789062,13.84000015258789,31.209999084472656,,2021-03-21,1741.4000244140625,57523.421875,91.91999816894531,,
3060,2024-02-29,149.8300018310547,13.399999618530273,31.5,,2021-03-22,1737.800048828125,54529.14453125,91.80000305175781,,
3061,2024-03-01,149.8300018310547,13.109999656677246,31.079999923706055,,2021-03-23,1724.699951171875,54738.9453125,92.33999633789062,,
3062,2024-03-04,145.94000244140625,13.489999771118164,30.469999313354492,,2021-03-24,1732.9000244140625,52774.265625,92.52999877929688,,
3063,2024-03-05,144.89999389648438,14.460000038146973,30.190000534057617,,2021-03-25,1724.9000244140625,51704.16015625,92.87999725341797,,
3064,2024-03-06,143.63999938964844,14.5,29.56999969482422,,2021-03-26,1732.199951171875,55137.3125,92.7699966430664,,
3065,2024-03-07,142.94000244140625,14.4399995803833,29.56999969482422,,2021-03-27,1732.199951171875,55973.51171875,92.7699966430664,,
3066,2024-03-08,142.94000244140625,14.739999771118164,29.639999389648438,,2021-03-28,1732.199951171875,55950.74609375,92.7699966430664,,
3067,2024-03-11,142.27000427246094,15.220000267028809,29.110000610351562,,2021-03-29,1712.0999755859375,57750.19921875,92.94000244140625,,
3068,2024-03-12,142.22999572753906,13.84000015258789,29.360000610351562,,2021-03-30,1683.9000244140625,58917.69140625,93.30000305175781,,
3069,2024-03-13,144.1699981689453,13.75,29.520000457763672,,2021-03-31,1713.800048828125,58918.83203125,93.2300033569336,,
3070,2024-03-14,143.9499969482422,14.399999618530273,31.510000228881836,,2021-04-01,1726.5,59095.80859375,92.93000030517578,,
3071,2024-03-15,143.9499969482422,14.40999984741211,29.770000457763672,,2021-04-02,1726.5,59384.3125,92.93000030517578,,
3072,2024-03-18,139.97000122070312,14.329999923706055,29.809999465942383,,2021-04-03,1726.5,57603.890625,92.93000030517578,,
3073,2024-03-19,141.61000061035156,13.819999694824219,29.219999313354492,,2021-04-04,1726.5,58758.5546875,92.93000030517578,,
3074,2024-03-20,141.19000244140625,13.039999961853027,28.81999969482422,,2021-04-05,1727.0,59057.87890625,92.5999984741211,,
3075,2024-03-21,154.0,12.920000076293945,27.530000686645508,,2021-04-06,1741.5,58192.359375,92.33999633789062,,
3076,2024-03-22,154.0,13.0600004196167,26.920000076293945,,2021-04-07,1740.0999755859375,56048.9375,92.45999908447266,,
3077,2024-03-25,151.60000610351562,13.1899995803833,27.489999771118164,,2021-04-08,1756.800048828125,58323.953125,92.05999755859375,,
3078,2024-03-26,157.60000610351562,13.239999771118164,27.25,,2021-04-09,1743.300048828125,58245.00390625,92.16000366210938,,
3079,2024-03-27,157.11000061035156,12.779999732971191,26.600000381469727,,2021-04-10,1743.300048828125,59793.234375,92.16000366210938,,
3080,2024-03-28,155.44000244140625,13.010000228881836,26.270000457763672,,2021-04-11,1743.300048828125,60204.96484375,92.16000366210938,,
3081,2024-04-01,146.3300018310547,13.649999618530273,27.649999618530273,,2021-04-12,1731.199951171875,59893.453125,92.13999938964844,,
3082,2024-04-02,142.13999938964844,14.609999656677246,29.040000915527344,,2021-04-13,1746.199951171875,63503.45703125,91.8499984741211,,
3083,2024-04-03,138.52000427246094,14.329999923706055,29.079999923706055,,2021-04-14,1734.9000244140625,63109.6953125,91.69000244140625,,
3084,2024-04-04,142.49000549316406,16.350000381469727,32.16999816894531,,2021-04-15,1765.4000244140625,63314.01171875,91.66999816894531,,
3085,2024-04-05,142.49000549316406,16.030000686645508,32.36000061035156,,2021-04-16,1779.0,61572.7890625,91.55999755859375,,
3086,2024-04-08,140.6300048828125,15.1899995803833,32.36000061035156,,2021-04-17,1779.0,60683.8203125,91.55999755859375,,
3087,2024-04-09,139.27999877929688,14.979999542236328,28.959999084472656,,2021-04-18,1779.0,56216.18359375,91.55999755859375,,
3088,2024-04-10,139.94000244140625,15.800000190734863,30.079999923706055,,2021-04-19,1769.4000244140625,55724.265625,91.06999969482422,,
3089,2024-04-11,136.16000366210938,14.90999984741211,31.270000457763672,,2021-04-20,1777.300048828125,56473.03125,91.23999786376953,,
3090,2024-04-12,136.16000366210938,17.309999465942383,32.189998626708984,,2021-04-21,1792.300048828125,53906.08984375,91.16000366210938,,
3091,2024-04-15,137.72000122070312,19.229999542236328,35.59000015258789,,2021-04-22,1781.199951171875,51762.2734375,91.33000183105469,,
3092,2024-04-16,135.60000610351562,18.399999618530273,33.61000061035156,,2021-04-23,1777.0,51093.65234375,90.86000061035156,,
3093,2024-04-17,134.3800048828125,18.209999084472656,33.0,,2021-04-24,1777.0,50050.8671875,90.86000061035156,,
3094,2024-04-18,131.8000030517578,18.0,31.399999618530273,,2021-04-25,1777.0,49004.25390625,90.86000061035156,,
3095,2024-04-19,131.8000030517578,18.709999084472656,31.860000610351562,,2021-04-26,1779.199951171875,54021.75390625,90.80999755859375,,
3096,2024-04-22,131.67999267578125,16.940000534057617,29.700000762939453,,2021-04-27,1778.0,55033.1171875,90.91000366210938,,
3097,2024-04-23,135.61000061035156,15.6899995803833,28.860000610351562,,2021-04-28,1773.199951171875,54824.703125,90.61000061035156,,
3098,2024-04-24,135.05999755859375,15.970000267028809,29.040000915527344,,2021-04-29,1768.0999755859375,53555.109375,90.61000061035156,,
3099,2024-04-25,135.05999755859375,15.369999885559082,28.34000015258789,,2021-04-30,1767.300048828125,57750.17578125,91.27999877929688,,
3100,2024-04-26,140.86000061035156,15.029999732971191,27.809999465942383,,2021-05-01,1767.300048828125,57828.05078125,91.27999877929688,,
3101,2024-04-29,138.3000030517578,14.670000076293945,27.84000015258789,,2021-05-02,1767.300048828125,56631.078125,91.27999877929688,,
3102,2024-04-30,132.39999389648438,15.649999618530273,27.8700008392334,,2021-05-03,1791.4000244140625,57200.29296875,90.94999694824219,,
3103,2024-05-01,133.35000610351562,15.390000343322754,28.700000762939453,,2021-05-04,1775.800048828125,53333.5390625,91.29000091552734,,
3104,2024-05-02,132.1199951171875,14.680000305175781,27.649999618530273,,2021-05-05,1784.0999755859375,57424.0078125,91.30999755859375,,
3105,2024-05-03,135.17999267578125,13.489999771118164,28.09000015258789,,2021-05-06,1815.5,56396.515625,90.94999694824219,,
3106,2024-05-06,130.0800018310547,13.489999771118164,28.579999923706055,,2021-05-07,1831.0999755859375,57356.40234375,90.2300033569336,,
3107,2024-05-07,133.63999938964844,13.229999542236328,27.829999923706055,,2021-05-08,1831.0999755859375,58803.77734375,90.2300033569336,,
3108,2024-05-08,133.24000549316406,13.0,27.90999984741211,,2021-05-09,1831.0999755859375,58232.31640625,90.2300033569336,,
3109,2024-05-09,136.4600067138672,12.6899995803833,27.950000762939453,,2021-05-10,1837.5,55859.796875,90.20999908447266,,
3110,2024-05-10,137.3000030517578,12.550000190734863,27.8799991607666,,2021-05-11,1835.9000244140625,56704.57421875,90.13999938964844,,
3111,2024-05-13,139.64999389648438,13.600000381469727,28.040000915527344,,2021-05-12,1822.5999755859375,49150.53515625,90.70999908447266,,
3112,2024-05-14,140.17999267578125,13.420000076293945,28.010000228881836,,2021-05-13,1823.800048828125,49716.19140625,90.75,,
3113,2024-05-15,140.63999938964844,12.449999809265137,28.06999969482422,,2021-05-14,1837.9000244140625,49880.53515625,90.31999969482422,,
3114,2024-05-16,147.85000610351562,12.420000076293945,27.079999923706055,,2021-05-15,1837.9000244140625,46760.1875,90.31999969482422,,
3115,2024-05-17,143.0500030517578,11.989999771118164,28.059999465942383,,2021-05-16,1837.9000244140625,46456.05859375,90.31999969482422,,
3116,2024-05-20,144.5399932861328,12.149999618530273,27.889999389648438,,2021-05-17,1867.5,43537.51171875,90.22000122070312,,
3117,2024-05-21,149.52000427246094,11.859999656677246,27.3799991607666,,2021-05-18,1867.800048828125,42909.40234375,89.75,,
3118,2024-05-22,150.13999938964844,12.289999961853027,27.709999084472656,,2021-05-19,1881.300048828125,37002.44140625,90.19000244140625,,
3119,2024-05-23,153.3300018310547,12.770000457763672,28.65999984741211,,2021-05-20,1881.800048828125,40782.73828125,89.80999755859375,,
3120,2024-05-24,153.3300018310547,11.930000305175781,27.559999465942383,,2021-05-21,1876.699951171875,37304.69140625,90.0199966430664,,
3121,2024-05-28,152.22999572753906,12.920000076293945,27.530000686645508,,2021-05-22,1876.699951171875,37536.6328125,90.0199966430664,,
3122,2024-05-29,151.8000030517578,14.279999732971191,26.770000457763672,,2021-05-23,1876.699951171875,34770.58203125,90.0199966430664,,
3123,2024-05-30,151.8000030517578,14.470000267028809,29.239999771118164,,2021-05-24,1884.5999755859375,38705.98046875,89.83000183105469,,
3124,2024-05-31,148.10000610351562,12.920000076293945,30.34000015258789,,2021-05-25,1898.0999755859375,38402.22265625,89.63999938964844,,
3125,2024-06-03,139.00999450683594,13.109999656677246,30.84000015258789,,2021-05-26,1901.300048828125,39294.19921875,90.04000091552734,,
3126,2024-06-04,138.17999267578125,13.15999984741211,30.59000015258789,,2021-05-27,1895.699951171875,38436.96875,89.97000122070312,,
3127,2024-06-05,141.39999389648438,12.630000114440918,29.18000030517578,,2021-05-28,1902.5,35697.60546875,90.02999877929688,,
3128,2024-06-06,140.17999267578125,12.579999923706055,27.709999084472656,,2021-05-29,1902.5,34616.06640625,90.02999877929688,,
3129,2024-06-07,139.61000061035156,12.220000267028809,26.420000076293945,,2021-05-30,1902.5,35678.12890625,90.02999877929688,,
3130,2024-06-10,141.55999755859375,12.739999771118164,25.690000534057617,,2021-05-31,1902.5,37332.85546875,90.02999877929688,,
3131,2024-06-11,144.6999969482422,12.850000381469727,25.540000915527344,,2021-06-01,1902.9000244140625,36684.92578125,89.83000183105469,,
3132,2024-06-12,144.6999969482422,12.039999961853027,24.799999237060547,,2021-06-02,1907.5,37575.1796875,89.9000015258789,,
3133,2024-06-13,144.6999969482422,11.9399995803833,24.450000762939453,,2021-06-03,1871.199951171875,39208.765625,90.5,,
3134,2024-06-14,156.17999267578125,12.65999984741211,24.709999084472656,,2021-06-04,1889.800048828125,36894.40625,90.13999938964844,,
3135,2024-06-17,153.83999633789062,12.75,24.170000076293945,,2021-06-05,1889.800048828125,35551.95703125,90.13999938964844,,
3136,2024-06-18,142.89999389648438,12.300000190734863,23.729999542236328,,2021-06-06,1889.800048828125,35862.37890625,90.13999938964844,,
3137,2024-06-20,148.60000610351562,13.279999732971191,24.229999542236328,,2021-06-07,1896.800048828125,33560.70703125,89.94999694824219,,
3138,2024-06-21,151.7899932861328,13.199999809265137,24.739999771118164,,2021-06-08,1892.199951171875,33472.6328125,90.08000183105469,,
3139,2024-06-24,147.1300048828125,13.329999923706055,25.420000076293945,,2021-06-09,1893.199951171875,37345.12109375,90.12000274658203,,
3140,2024-06-25,146.63999938964844,12.84000015258789,25.75,,2021-06-10,1894.199951171875,36702.59765625,90.08000183105469,,
3141,2024-06-26,143.49000549316406,12.550000190734863,26.239999771118164,,2021-06-11,1877.4000244140625,37334.3984375,90.55999755859375,,
3142,2024-06-27,143.05999755859375,12.239999771118164,26.280000686645508,,2021-06-12,1877.4000244140625,35552.515625,90.55999755859375,,
3143,2024-06-28,141.7899932861328,12.4399995803833,26.540000915527344,,2021-06-13,1877.4000244140625,39097.859375,90.55999755859375,,
3144,2024-07-01,145.82000732421875,12.220000267028809,27.290000915527344,,2021-06-14,1864.0,40218.4765625,90.5199966430664,,
3145,2024-07-02,147.16000366210938,12.029999732971191,25.81999969482422,,2021-06-15,1854.5,40406.26953125,90.54000091552734,,
3146,2024-07-03,148.8300018310547,12.09000015258789,24.6200008392334,,2021-06-16,1859.5,38347.0625,91.12999725341797,,
3147,2024-07-05,150.1999969482422,12.479999542236328,23.780000686645508,,2021-06-17,1773.800048828125,38053.50390625,91.88999938964844,,
3148,2024-07-08,148.52999877929688,12.369999885559082,23.809999465942383,,2021-06-18,1767.9000244140625,35787.24609375,92.2300033569336,,
3149,2024-07-09,151.08999633789062,12.510000228881836,24.190000534057617,,2021-06-19,1767.9000244140625,35615.87109375,92.2300033569336,,
3150,2024-07-10,156.9600067138672,12.850000381469727,24.010000228881836,,2021-06-20,1767.9000244140625,35698.296875,92.2300033569336,,
3151,2024-07-11,152.22999572753906,12.920000076293945,24.010000228881836,,2021-06-21,1781.800048828125,31676.693359375,91.86000061035156,,
3152,2024-07-12,150.86000061035156,12.460000038146973,24.1200008392334,,2021-06-22,1776.300048828125,32505.66015625,91.7300033569336,,
3153,2024-07-15,147.39999389648438,13.119999885559082,23.829999923706055,,2021-06-23,1782.300048828125,33723.02734375,91.80000305175781,,
3154,2024-07-16,151.52999877929688,13.1899995803833,24.40999984741211,,2021-06-24,1775.5999755859375,34662.4375,91.81999969482422,,
3155,2024-07-17,146.38999938964844,14.479999542236328,25.280000686645508,,2021-06-25,1776.5999755859375,31637.779296875,91.80999755859375,,
3156,2024-07-18,151.1199951171875,15.930000305175781,25.68000030517578,,2021-06-26,1776.5999755859375,32186.27734375,91.80999755859375,,
3157,2024-07-19,146.99000549316406,16.520000457763672,26.829999923706055,,2021-06-27,1776.5999755859375,34649.64453125,91.80999755859375,,
3158,2024-07-22,141.3800048828125,14.90999984741211,26.829999923706055,,2021-06-28,1779.5999755859375,34434.3359375,91.87999725341797,,
3159,2024-07-23,137.0,14.720000267028809,26.739999771118164,,2021-06-29,1762.800048828125,35867.77734375,92.05000305175781,,
3160,2024-07-24,136.83999633789062,18.040000915527344,26.850000381469727,,2021-06-30,1770.800048828125,35040.8359375,92.44000244140625,,
3161,2024-07-25,134.1699981689453,18.459999084472656,26.489999771118164,,2021-07-01,1775.9000244140625,33572.1171875,92.5999984741211,,
3162,2024-07-26,131.72999572753906,16.389999389648438,29.770000457763672,,2021-07-02,1782.5999755859375,33897.046875,92.2300033569336,,
3163,2024-07-29,128.92999267578125,16.600000381469727,30.81999969482422,,2021-07-03,1782.5999755859375,34668.546875,92.2300033569336,,
3164,2024-07-30,127.30999755859375,17.690000534057617,31.489999771118164,,2021-07-04,1782.5999755859375,35287.78125,92.2300033569336,,
3165,2024-07-31,136.69000244140625,16.360000610351562,33.689998626708984,,2021-07-05,1782.5999755859375,33746.00390625,92.2300033569336,,
3166,2024-08-01,136.69000244140625,18.59000015258789,33.41999816894531,,2021-07-06,1793.5,34235.1953125,92.55000305175781,,
3167,2024-08-02,139.64999389648438,23.389999389648438,38.83000183105469,,2021-07-07,1801.5,33855.328125,92.63999938964844,,
3168,2024-08-05,145.3000030517578,38.56999969482422,43.630001068115234,,2021-07-08,1799.5999755859375,32877.37109375,92.36000061035156,,
3169,2024-08-06,145.3000030517578,27.709999084472656,40.41999816894531,,2021-07-09,1810.0,33798.01171875,92.12999725341797,,
3170,2024-08-07,145.3000030517578,27.850000381469727,38.0099983215332,,2021-07-10,1810.0,33520.51953125,92.12999725341797,,
3171,2024-08-08,145.3000030517578,23.790000915527344,34.77000045776367,,2021-07-11,1810.0,34240.1875,92.12999725341797,,
3172,2024-08-09,144.52000427246094,20.3700008392334,33.369998931884766,,2021-07-12,1805.5,33155.84765625,92.2300033569336,,
3173,2024-08-12,140.82000732421875,20.709999084472656,35.16999816894531,,2021-07-13,1809.4000244140625,32702.025390625,92.75,,
3174,2024-08-13,143.8699951171875,18.1200008392334,33.2599983215332,,2021-07-14,1824.300048828125,32822.34765625,92.41000366210938,,
3175,2024-08-14,141.82000732421875,16.190000534057617,31.510000228881836,,2021-07-15,1828.4000244140625,31780.73046875,92.62000274658203,,
3176,2024-08-15,143.55999755859375,15.229999542236328,31.139999389648438,,2021-07-16,1814.5,31421.5390625,92.69000244140625,,
3177,2024-08-16,142.5500030517578,14.800000190734863,31.0,,2021-07-17,1814.5,31533.068359375,92.69000244140625,,
3178,2024-08-19,141.5,14.649999618530273,32.029998779296875,,2021-07-18,1814.5,31796.810546875,92.69000244140625,,
3179,2024-08-20,146.25999450683594,15.880000114440918,32.04999923706055,,2021-07-19,1808.699951171875,30817.83203125,92.88999938964844,,
3180,2024-08-21,149.6699981689453,16.270000457763672,32.70000076293945,,2021-07-20,1810.9000244140625,29807.34765625,92.97000122070312,,
3181,2024-08-22,154.16000366210938,17.549999237060547,31.729999542236328,,2021-07-21,1802.9000244140625,32110.693359375,92.75,,
3182,2024-08-23,153.9499969482422,15.859999656677246,30.540000915527344,,2021-07-22,1805.0,32313.10546875,92.81999969482422,,
3183,2024-08-26,151.5,16.149999618530273,30.989999771118164,,2021-07-23,1801.4000244140625,33581.55078125,92.91000366210938,,
3184,2024-08-27,151.8300018310547,15.430000305175781,31.25,,2021-07-24,1801.4000244140625,34292.4453125,92.91000366210938,,
3185,2024-08-28,151.67999267578125,17.110000610351562,32.119998931884766,,2021-07-25,1801.4000244140625,35350.1875,92.91000366210938,,
3186,2024-08-29,153.00999450683594,15.649999618530273,31.809999465942383,,2021-07-26,1798.699951171875,37337.53515625,92.6500015258789,,
3187,2024-08-30,159.0,15.0,33.36000061035156,,2021-07-27,1799.5,39406.94140625,92.43000030517578,,
3188,2024-09-03,163.60000610351562,20.719999313354492,35.36000061035156,,2021-07-28,1799.5,39995.90625,92.31999969482422,,
3189,2024-09-04,160.89999389648438,21.31999969482422,37.95000076293945,,2021-07-29,1831.199951171875,40008.421875,91.86000061035156,,
3190,2024-09-05,156.7100067138672,19.899999618530273,36.61000061035156,,2021-07-30,1812.5999755859375,42235.546875,92.16999816894531,,
3191,2024-09-06,148.97999572753906,22.3799991607666,37.58000183105469,,2021-07-31,1812.5999755859375,41626.1953125,92.16999816894531,,
3192,2024-09-09,140.3300018310547,19.450000762939453,37.0,,2021-08-01,1812.5999755859375,39974.89453125,92.16999816894531,,
3193,2024-09-10,139.75,19.079999923706055,40.22999954223633,,2021-08-02,1818.0999755859375,39201.9453125,92.05000305175781,,
3194,2024-09-11,139.72999572753906,17.690000534057617,37.7599983215332,,2021-08-03,1810.0999755859375,38152.98046875,92.08000183105469,,
3195,2024-09-12,145.8800048828125,17.06999969482422,36.06999969482422,,2021-08-04,1810.5,39747.50390625,92.2699966430664,,
3196,2024-09-13,149.99000549316406,16.559999465942383,35.220001220703125,,2021-08-05,1805.0999755859375,40869.5546875,92.23999786376953,,
3197,2024-09-16,152.1699981689453,17.139999389648438,34.709999084472656,,2021-08-06,1760.0,42816.5,92.80000305175781,,
3198,2024-09-17,157.5399932861328,17.610000610351562,35.290000915527344,,2021-08-07,1760.0,44555.80078125,92.80000305175781,,
3199,2024-09-18,167.4199981689453,18.229999542236328,36.189998626708984,,2021-08-08,1760.0,43798.1171875,92.80000305175781,,
3200,2024-09-19,171.72000122070312,16.329999923706055,33.720001220703125,,2021-08-09,1723.4000244140625,46365.40234375,92.94999694824219,,
3201,2024-09-20,165.75,16.149999618530273,32.220001220703125,,2021-08-10,1728.800048828125,45585.03125,93.05999755859375,,
3202,2024-09-23,165.60000610351562,15.890000343322754,34.38999938964844,,2021-08-11,1750.4000244140625,45593.63671875,92.91000366210938,,
3203,2024-09-24,165.60000610351562,15.390000343322754,33.7599983215332,,2021-08-12,1749.0,44428.2890625,93.04000091552734,,
3204,2024-09-25,160.47999572753906,15.40999984741211,34.400001525878906,,2021-08-13,1775.199951171875,47793.3203125,92.5199966430664,,
3205,2024-09-26,158.6699981689453,15.369999885559082,39.7599983215332,,2021-08-14,1775.199951171875,47096.9453125,92.5199966430664,,
3206,2024-09-27,160.99000549316406,16.959999084472656,39.619998931884766,,2021-08-15,1775.199951171875,47047.00390625,92.5199966430664,,
3207,2024-09-30,154.3000030517578,16.729999542236328,39.86000061035156,,2021-08-16,1786.9000244140625,46004.484375,92.62999725341797,,
3208,2024-10-01,154.3000030517578,19.260000228881836,42.869998931884766,,2021-08-17,1785.0,44695.359375,93.12999725341797,,
3209,2024-10-02,161.5,18.899999618530273,46.52000045776367,,2021-08-18,1781.5999755859375,44801.1875,93.13999938964844,,
3210,2024-10-03,162.77999877929688,20.489999771118164,54.5,,2021-08-19,1780.199951171875,46717.578125,93.56999969482422,,
3211,2024-10-04,156.42999267578125,19.209999084472656,46.369998931884766,,2021-08-20,1781.0,49339.17578125,93.5,,
3212,2024-10-07,155.57000732421875,22.639999389648438,48.31999969482422,,2021-08-21,1781.0,48905.4921875,93.5,,
3213,2024-10-08,156.27999877929688,21.420000076293945,52.349998474121094,,2021-08-22,1781.0,49321.65234375,93.5,,
3214,2024-10-09,156.92999267578125,20.860000610351562,48.79999923706055,,2021-08-23,1803.199951171875,49546.1484375,92.95999908447266,,
3215,2024-10-10,154.08999633789062,20.93000030517578,52.36000061035156,,2021-08-24,1805.5999755859375,47706.1171875,92.88999938964844,,
3216,2024-10-11,159.42999267578125,20.459999084472656,52.68000030517578,,2021-08-25,1788.199951171875,48960.7890625,92.83000183105469,,
3217,2024-10-14,153.0800018310547,19.700000762939453,51.619998931884766,,2021-08-26,1792.199951171875,46942.21875,93.05999755859375,,
3218,2024-10-15,159.69000244140625,20.639999389648438,48.63999938964844,,2021-08-27,1816.5999755859375,49058.66796875,92.69000244140625,,
3219,2024-10-16,161.85000610351562,19.579999923706055,47.84000015258789,,2021-08-28,1816.5999755859375,48902.40234375,92.69000244140625,,
3220,2024-10-17,165.82000732421875,19.110000610351562,46.880001068115234,,2021-08-29,1816.5999755859375,48829.83203125,92.69000244140625,,
3221,2024-10-18,155.5500030517578,18.030000686645508,47.220001220703125,,2021-08-30,1809.0,47054.984375,92.6500015258789,,
3222,2024-10-21,150.97000122070312,18.3700008392334,46.81999969482422,,2021-08-31,1815.0,47166.6875,92.62999725341797,,
3223,2024-10-22,146.8000030517578,18.200000762939453,47.689998626708984,,2021-09-01,1813.0999755859375,48847.02734375,92.44999694824219,,
3224,2024-10-23,146.97000122070312,19.239999771118164,47.779998779296875,,2021-09-02,1808.699951171875,49327.72265625,92.2300033569336,,
3225,2024-10-24,144.7100067138672,19.079999923706055,46.65999984741211,,2021-09-03,1830.9000244140625,50025.375,92.04000091552734,,
3226,2024-10-25,148.91000366210938,20.329999923706055,48.970001220703125,,2021-09-04,1830.9000244140625,49944.625,92.04000091552734,,
3227,2024-10-28,148.4600067138672,19.799999237060547,42.959999084472656,,2021-09-05,1830.9000244140625,51753.41015625,92.04000091552734,,
3228,2024-10-29,150.74000549316406,19.34000015258789,42.470001220703125,,2021-09-06,1830.9000244140625,52633.53515625,92.04000091552734,,
3229,2024-10-30,153.4499969482422,20.350000381469727,41.130001068115234,,2021-09-07,1795.9000244140625,46811.12890625,92.5199966430664,,
3230,2024-10-31,152.07000732421875,23.15999984741211,48.790000915527344,,2021-09-08,1790.699951171875,46091.390625,92.6500015258789,,
3231,2024-11-01,146.66000366210938,21.8799991607666,44.13999938964844,,2021-09-09,1797.4000244140625,46391.421875,92.4800033569336,,
3232,2024-11-04,148.9499969482422,21.979999542236328,45.75,,2021-09-10,1789.5999755859375,44883.91015625,92.58000183105469,,
3233,2024-11-05,152.67999267578125,20.489999771118164,45.61000061035156,,2021-09-11,1789.5999755859375,45201.45703125,92.58000183105469,,
3234,2024-11-06,148.11000061035156,16.270000457763672,44.7400016784668,,2021-09-12,1789.5999755859375,46063.26953125,92.58000183105469,,
3235,2024-11-07,152.1199951171875,15.199999809265137,42.54999923706055,,2021-09-13,1792.0,44963.07421875,92.62000274658203,,
3236,2024-11-08,150.33999633789062,14.9399995803833,38.7599983215332,,2021-09-14,1804.699951171875,47092.4921875,92.6500015258789,,
3237,2024-11-11,140.32000732421875,14.970000267028809,37.7400016784668,,2021-09-15,1792.4000244140625,48176.34765625,92.48999786376953,,
3238,2024-11-12,141.5,14.710000038146973,34.31999969482422,,2021-09-16,1754.5999755859375,47783.359375,92.86000061035156,,
3239,2024-11-13,142.9199981689453,14.020000457763672,37.119998931884766,,2021-09-17,1749.4000244140625,47267.51953125,93.19999694824219,,
3240,2024-11-14,147.97999572753906,14.3100004196167,30.899999618530273,,2021-09-18,1749.4000244140625,48278.36328125,93.19999694824219,,
3241,2024-11-15,149.5500030517578,16.139999389648438,35.06999969482422,,2021-09-19,1749.4000244140625,47260.21875,93.19999694824219,,
3242,2024-11-18,147.3300018310547,15.579999923706055,36.88999938964844,,2021-09-20,1761.800048828125,42843.80078125,93.23999786376953,,
3243,2024-11-19,149.4600067138672,16.350000381469727,37.279998779296875,,2021-09-21,1776.0,40693.67578125,93.19999694824219,,
3244,2024-11-20,153.0,17.15999984741211,36.7400016784668,,2021-09-22,1776.699951171875,43574.5078125,93.45999908447266,,
3245,2024-11-21,155.72000122070312,16.8700008392334,36.90999984741211,,2021-09-23,1747.699951171875,44895.09765625,93.0999984741211,,
3246,2024-11-22,161.63999938964844,15.239999771118164,35.7400016784668,,2021-09-24,1749.699951171875,42839.75,93.33000183105469,,
3247,2024-11-25,167.27999877929688,14.600000381469727,37.439998626708984,,2021-09-25,1749.699951171875,42716.59375,93.33000183105469,,
3248,2024-11-26,166.22999572753906,14.100000381469727,38.7400016784668,,2021-09-26,1749.699951171875,43208.5390625,93.33000183105469,,
3249,2024-11-27,167.94000244140625,14.100000381469727,37.0,,2021-09-27,1750.0,42235.73046875,93.37999725341797,,
3250,2024-11-29,167.94000244140625,13.510000228881836,34.95000076293945,,2021-09-28,1735.800048828125,41034.54296875,93.7699966430664,,
3251,2024-12-02,170.64999389648438,13.34000015258789,34.709999084472656,,2021-09-29,1721.5,41564.36328125,94.33999633789062,,
3252,2024-12-03,170.22999572753906,13.300000190734863,34.54999923706055,,2021-09-30,1755.300048828125,43790.89453125,94.25,,
3253,2024-12-04,172.4499969482422,13.449999809265137,33.81999969482422,,2021-10-01,1757.0,48116.94140625,94.04000091552734,,
3254,2024-12-05,173.92999267578125,13.539999961853027,29.450000762939453,,2021-10-02,1757.0,47711.48828125,94.04000091552734,,
3255,2024-12-06,168.0500030517578,12.770000457763672,30.979999542236328,,2021-10-03,1757.0,48199.953125,94.04000091552734,,
3256,2024-12-09,163.13999938964844,14.1899995803833,27.700000762939453,,2021-10-04,1766.199951171875,49112.90234375,93.80999755859375,,
3257,2024-12-10,165.1199951171875,14.180000305175781,28.610000610351562,,2021-10-05,1759.5999755859375,51514.8125,93.9800033569336,,
3258,2024-12-11,169.05999755859375,13.579999923706055,31.989999771118164,,2021-10-06,1760.5,55361.44921875,94.2699966430664,,
3259,2024-12-12,167.42999267578125,13.920000076293945,33.63999938964844,,2021-10-07,1757.9000244140625,53805.984375,94.22000122070312,,
3260,2024-12-13,169.91000366210938,13.8100004196167,34.91999816894531,,2021-10-08,1756.300048828125,53967.84765625,94.06999969482422,,
3261,2024-12-16,166.7899932861328,14.6899995803833,33.40999984741211,,2021-10-09,1756.300048828125,54968.22265625,94.06999969482422,,
3262,2024-12-17,173.0399932861328,15.869999885559082,30.709999084472656,,2021-10-10,1756.300048828125,54771.578125,94.06999969482422,,
3263,2024-12-18,168.9199981689453,27.6200008392334,32.599998474121094,,2021-10-11,1754.5999755859375,57484.7890625,94.31999969482422,,
3264,2024-12-19,163.10000610351562,24.09000015258789,30.5,,2021-10-12,1758.300048828125,56041.05859375,94.5199966430664,,
3265,2024-12-20,161.2100067138672,18.360000610351562,29.270000457763672,,2021-10-13,1793.699951171875,57401.09765625,94.08000183105469,,
3266,2024-12-23,170.64999389648438,16.780000686645508,30.15999984741211,,2021-10-14,1796.699951171875,57321.5234375,93.95999908447266,,
3267,2024-12-24,180.08999633789062,14.270000457763672,30.350000381469727,,2021-10-15,1767.199951171875,61593.94921875,93.94000244140625,,
3268,2024-12-26,173.72000122070312,14.729999542236328,30.010000228881836,,2021-10-16,1767.199951171875,60892.1796875,93.94000244140625,,
3269,2024-12-27,167.9199981689453,15.949999809265137,30.209999084472656,,2021-10-17,1767.199951171875,61553.6171875,93.94000244140625,,
3270,2024-12-30,161.0800018310547,17.399999618530273,30.770000457763672,,2021-10-18,1764.800048828125,62026.078125,93.94999694824219,,
3271,2024-12-31,169.16000366210938,17.350000381469727,30.020000457763672,,2021-10-19,1769.699951171875,64261.9921875,93.79000091552734,,
3272,2025-01-02,157.1999969482422,17.93000030517578,29.540000915527344,,2021-10-20,1784.0999755859375,65992.8359375,93.55999755859375,,
3273,2025-01-03,157.32000732421875,16.1299991607666,29.979999542236328,,2021-10-21,1781.199951171875,62210.171875,93.7699966430664,,
3274,2025-01-06,152.63999938964844,16.040000915527344,29.309999465942383,,2021-10-22,1795.5,60692.265625,93.61000061035156,,
3275,2025-01-07,155.10000610351562,17.81999969482422,31.09000015258789,,2021-10-23,1795.5,61393.6171875,93.61000061035156,,
3276,2025-01-08,154.33999633789062,17.700000762939453,31.559999465942383,,2021-10-24,1795.5,60930.8359375,93.61000061035156,,
3277,2025-01-10,151.4499969482422,19.540000915527344,33.90999984741211,,2021-10-25,1806.0,63039.82421875,93.80999755859375,,
3278,2025-01-13,170.5500030517578,19.190000534057617,33.97999954223633,,2021-10-26,1792.699951171875,60363.79296875,93.94999694824219,,
3279,2025-01-14,167.63999938964844,18.709999084472656,33.5099983215332,,2021-10-27,1797.9000244140625,58482.38671875,93.86000061035156,,
3280,2025-01-15,163.5399932861328,16.1200008392334,32.93000030517578,,2021-10-28,1801.5999755859375,60622.13671875,93.3499984741211,,
3281,2025-01-16,167.41000366210938,16.600000381469727,33.130001068115234,,2021-10-29,1783.0,62227.96484375,94.12000274658203,,
3282,2025-01-17,165.35000610351562,15.970000267028809,33.52000045776367,,2021-10-30,1783.0,61888.83203125,94.12000274658203,,
3283,2025-01-21,173.0,15.0600004196167,35.099998474121094,,2021-10-31,1783.0,61318.95703125,94.12000274658203,,
3284,2025-01-22,179.97999572753906,15.100000381469727,34.68000030517578,,2021-11-01,1795.0999755859375,61004.40625,93.87999725341797,,
3285,2025-01-23,179.32000732421875,15.020000457763672,34.18000030517578,,2021-11-02,1788.699951171875,63226.40234375,94.08999633789062,,
3286,2025-01-24,173.16000366210938,14.850000381469727,29.979999542236328,,2021-11-03,1763.5999755859375,62970.046875,93.86000061035156,,
3287,2025-01-27,168.5500030517578,17.899999618530273,35.97999954223633,,2021-11-04,1793.0,61452.23046875,94.3499984741211,,
3288,2025-01-28,163.63999938964844,16.40999984741211,31.950000762939453,,2021-11-05,1816.4000244140625,61125.67578125,94.31999969482422,,
3289,2025-01-29,157.42999267578125,16.559999465942383,33.02000045776367,,2021-11-06,1816.4000244140625,61527.48046875,94.31999969482422,,
3290,2025-01-30,156.6999969482422,15.84000015258789,31.049999237060547,,2021-11-07,1816.4000244140625,63326.98828125,94.31999969482422,,
3291,2025-01-31,158.47000122070312,16.43000030517578,29.959999084472656,,2021-11-08,1827.4000244140625,67566.828125,94.05000305175781,,
3292,2025-02-03,155.4499969482422,18.6200008392334,35.29999923706055,,2021-11-09,1830.199951171875,66971.828125,93.95999908447266,,
3293,2025-02-04,159.44000244140625,17.209999084472656,33.619998931884766,,2021-11-10,1847.5999755859375,64995.23046875,94.8499984741211,,
3294,2025-02-05,162.63999938964844,15.770000457763672,34.25,,2021-11-11,1863.199951171875,64949.9609375,95.18000030517578,,
3295,2025-02-06,163.57000732421875,15.5,36.25,,2021-11-12,1867.9000244140625,64155.94140625,95.12999725341797,,
3296,2025-02-07,166.52999877929688,16.540000915527344,29.65999984741211,,2021-11-13,1867.9000244140625,64469.52734375,95.12999725341797,,
3297,2025-02-10,166.9499969482422,15.8100004196167,32.09000015258789,,2021-11-14,1867.9000244140625,65466.83984375,95.12999725341797,,
3298,2025-02-11,168.80999755859375,16.020000457763672,29.760000228881836,,2021-11-15,1866.0999755859375,63557.87109375,95.41000366210938,,
3299,2025-02-12,166.10000610351562,15.890000343322754,31.790000915527344,,2021-11-16,1853.5999755859375,60161.24609375,95.91999816894531,,
3300,2025-02-13,163.36000061035156,15.100000381469727,31.469999313354492,,2021-11-17,1869.699951171875,60368.01171875,95.83000183105469,,
3301,2025-02-14,167.97000122070312,14.770000457763672,28.459999084472656,,2021-11-18,1861.0,56942.13671875,95.54000091552734,,
3302,2025-02-18,183.1199951171875,15.350000381469727,27.469999313354492,,2021-11-19,1851.199951171875,58119.578125,96.06999969482422,,
3303,2025-02-19,175.75999450683594,15.270000457763672,28.360000610351562,,2021-11-20,1851.199951171875,59697.1953125,96.06999969482422,,
3304,2025-02-20,178.57000732421875,15.65999984741211,29.299999237060547,,2021-11-21,1851.199951171875,58730.4765625,96.06999969482422,,
3305,2025-02-21,165.0,18.209999084472656,35.790000915527344,,2021-11-22,1806.0,56289.2890625,96.5,,
3306,2025-02-24,156.92999267578125,18.979999542236328,31.299999237060547,,2021-11-23,1783.5,57569.07421875,96.48999786376953,,
3307,2025-02-25,157.60000610351562,19.43000030517578,32.77000045776367,,2021-11-24,1784.0999755859375,56280.42578125,96.83999633789062,,
3308,2025-02-26,153.44000244140625,19.100000381469727,33.36000061035156,,2021-11-25,1784.0999755859375,57274.6796875,96.83999633789062,,
3309,2025-02-27,149.32000732421875,21.1299991607666,31.719999313354492,,2021-11-26,1785.300048828125,53569.765625,96.08999633789062,,
3310,2025-02-28,157.94000244140625,19.6299991607666,29.969999313354492,,2021-11-27,1785.300048828125,54815.078125,96.08999633789062,,
